66 66
1.256753397354596760e-10 0.000000000000000000e+00 0.000000000000000000e+00 0.000000000000000000e+00 3.975939654009013960e-11 3.540643826935425013e-11 0.000000000000000000e+00 0.000000000000000000e+00 0.000000000000000000e+00 0.000000000000000000e+00 0.000000000000000000e+00 0.000000000000000000e+00 3.376087447946219014e-11 0.000000000000000000e+00 0.000000000000000000e+00 0.000000000000000000e+00 0.000000000000000000e+00 0.000000000000000000e+00 0.000000000000000000e+00 2.596934407303489555e-11 2.254911093017724465e-11 0.000000000000000000e+00 0.000000000000000000e+00 0.000000000000000000e+00 0.000000000000000000e+00 0.000000000000000000e+00 0.000000000000000000e+00 2.183816766527037075e-11 0.000000000000000000e+00 0.000000000000000000e+00 0.000000000000000000e+00 1.806011216585170990e-11 1.599262457784175151e-11 2.399764418638260468e-10 1.495835035445277771e-10 0.000000000000000000e+00 0.000000000000000000e+00 0.000000000000000000e+00 4.692660663923546308e-11 0.000000000000000000e+00 0.000000000000000000e+00 0.000000000000000000e+00 0.000000000000000000e+00 0.000000000000000000e+00 0.000000000000000000e+00 3.021105143630242162e-11 2.653576494165584389e-11 0.000000000000000000e+00 0.000000000000000000e+00 0.000000000000000000e+00 0.000000000000000000e+00 0.000000000000000000e+00 0.000000000000000000e+00 2.803977439487322817e-11 0.000000000000000000e+00 0.000000000000000000e+00 0.000000000000000000e+00 0.000000000000000000e+00 0.000000000000000000e+00 0.000000000000000000e+00 2.023700000571036654e-11 1.800376793561451627e-11 0.000000000000000000e+00 0.000000000000000000e+00 0.000000000000000000e+00 2.518482602876802131e-11
0.000000000000000000e+00 8.170037931230158531e-10 1.270002540005080493e-10 6.350012700025398589e-11 0.000000000000000000e+00 0.000000000000000000e+00 -4.719927268524042188e-11 -6.167677561323752678e-11 -7.055569666694891342e-11 -6.167677561323750093e-11 -4.719927268524043480e-11 -3.630060645637729062e-11 0.000000000000000000e+00 3.094806825175129809e-11 3.690869911856086052e-11 4.271480784838153247e-11 4.535723357160999638e-11 4.271480784838154540e-11 3.690869911856084114e-11 0.000000000000000000e+00 0.000000000000000000e+00 -2.531915871313499016e-11 -2.697861878728012800e-11 -2.760875086967564758e-11 -2.697861878728011507e-11 -2.531915871313499662e-11 -2.312538229391763622e-11 0.000000000000000000e+00 1.999074644464563060e-11 2.135740392419076624e-11 2.232545573833597550e-11 0.000000000000000000e+00 0.000000000000000000e+00 0.000000000000000000e+00 0.000000000000000000e+00 2.245068520404330285e-10 1.761176645368393683e-10 7.700521495946565356e-11 0.000000000000000000e+00 -5.973589461414766469e-11 -8.337975162542706607e-11 -8.722413255568262065e-11 -6.414481486869512514e-11 -4.570839158932529093e-11 -3.453951569852812840e-11 0.000000000000000000e+00 0.000000000000000000e+00 2.720046589269235807e-11 3.175006350012701233e-11 3.636006694906452904e-11 3.938110699428768121e-11 3.900781793459176919e-11 3.549765013810944913e-11 0.000000000000000000e+00 -2.825718564198532446e-11 -2.993424693872438872e-11 -3.010194711328277674e-11 -2.868643329010830530e-11 -2.625407132952512081e-11 -2.350245142867681328e-11 0.000000000000000000e+00 0.000000000000000000e+00 1.841550643147514975e-11 1.965279592932984995e-11 2.061301349889495620e-11 0.000000000000000000e+00
0.000000000000000000e+00 1.270002540005080493e-10 8.170037931230158531e-10 1.270002540005079718e-10 0.000000000000000000e+00 0.000000000000000000e+00 -6.167677561323748801e-11 -7.055569666694893927e-11 -6.167677561323752678e-11 -4.719927268524044127e-11 -3.630060645637729708e-11 -2.895356569644103373e-11 0.000000000000000000e+00 2.601066549781053905e-11 3.094806825175129809e-11 3.690869911856086052e-11 4.271480784838154540e-11 4.535723357161001577e-11 4.271480784838151955e-11 0.000000000000000000e+00 0.000000000000000000e+00 -2.697861878728011184e-11 -2.760875086967566051e-11 -2.697861878728012800e-11 -2.531915871313499985e-11 -2.312538229391763622e-11 -2.083371586629371509e-11 0.000000000000000000e+00 1.845434955928043672e-11 1.999074644464563060e-11 2.135740392419076947e-11 0.000000000000000000e+00 0.000000000000000000e+00 0.000000000000000000e+00 0.000000000000000000e+00 8.722413255568265942e-11 2.245068520404331577e-10 1.761176645368393941e-10 0.000000000000000000e+00 -8.337975162542710484e-11 -8.722413255568265942e-11 -6.414481486869512514e-11 -4.570839158932529093e-11 -3.453951569852815425e-11 -2.750495820575373398e-11 0.000000000000000000e+00 0.000000000000000000e+00 2.334311093770026497e-11 2.720046589269237746e-11 3.175006350012701233e-11 3.636006694906452904e-11 3.938110699428769414e-11 3.900781793459178857e-11 0.000000000000000000e+00 -2.993424693872440164e-11 -3.010194711328278320e-11 -2.868643329010830530e-11 -2.625407132952512081e-11 -2.350245142867683267e-11 -2.087871314520665819e-11 0.000000000000000000e+00 0.000000000000000000e+00 1.706893988349219654e-11 1.841550643147516268e-11 1.965279592932984995e-11 0.000000000000000000e+00
0.000000000000000000e+00 6.350012700025398589e-11 1.270002540005079718e-10 8.170037931230149225e-10 0.000000000000000000e+00 0.000000000000000000e+00 -7.055569666694883587e-11 -6.167677561323748801e-11 -4.719927268524042188e-11 -3.630060645637727123e-11 -2.895356569644101435e-11 -2.389858805864177269e-11 0.000000000000000000e+00 2.216169712851714039e-11 2.601066549781052290e-11 3.094806825175127870e-11 3.690869911856084114e-11 4.271480784838151955e-11 4.535723357160995115e-11 0.000000000000000000e+00 0.000000000000000000e+00 -2.760875086967562173e-11 -2.697861878728011184e-11 -2.531915871313499016e-11 -2.312538229391762006e-11 -2.083371586629370216e-11 -1.869268508412063760e-11 0.000000000000000000e+00 1.691683437411359239e-11 1.845434955928042057e-11 1.999074644464561444e-11 0.000000000000000000e+00 0.000000000000000000e+00 0.000000000000000000e+00 0.000000000000000000e+00 5.219678286301664386e-11 8.722413255568263357e-11 2.245068520404331060e-10 0.000000000000000000e+00 -8.722413255568260772e-11 -6.414481486869509929e-11 -4.570839158932525862e-11 -3.453951569852812840e-11 -2.750495820575373398e-11 -2.276589850717786956e-11 0.000000000000000000e+00 0.000000000000000000e+00 2.023282283074566866e-11 2.334311093770026497e-11 2.720046589269235807e-11 3.175006350012698648e-11 3.636006694906452904e-11 3.938110699428767475e-11 0.000000000000000000e+00 -3.010194711328277028e-11 -2.868643329010829561e-11 -2.625407132952510142e-11 -2.350245142867681328e-11 -2.087871314520665819e-11 -1.856443187086250898e-11 0.000000000000000000e+00 0.000000000000000000e+00 1.573309089508012770e-11 1.706893988349219654e-11 1.841550643147514975e-11 0.000000000000000000e+00
3.975939654009013960e-11 0.000000000000000000e+00 0.000000000000000000e+00 0.000000000000000000e+00 1.101179264428864796e-10 1.143002286004571384e-10 0.000000000000000000e+00 0.000000000000000000e+00 0.000000000000000000e+00 0.000000000000000000e+00 0.000000000000000000e+00 0.000000000000000000e+00 1.820434334887407216e-11 0.000000000000000000e+00 0.000000000000000000e+00 0.000000000000000000e+00 0.000000000000000000e+00 0.000000000000000000e+00 0.000000000000000000e+00 3.673935919300408020e-11 2.780275830821935406e-11 0.000000000000000000e+00 0.000000000000000000e+00 0.000000000000000000e+00 0.000000000000000000e+00 0.000000000000000000e+00 0.000000000000000000e+00 1.505743685881211289e-11 0.000000000000000000e+00 0.000000000000000000e+00 0.000000000000000000e+00 1.534612679402230896e-11 1.370142352386624276e-11 2.383036730330520251e-11 2.501858561990039742e-11 0.000000000000000000e+00 0.000000000000000000e+00 0.000000000000000000e+00 1.898423466303430961e-10 0.000000000000000000e+00 0.000000000000000000e+00 0.000000000000000000e+00 0.000000000000000000e+00 0.000000000000000000e+00 0.000000000000000000e+00 1.570217277771327793e-11 1.512633588762978374e-11 0.000000000000000000e+00 0.000000000000000000e+00 0.000000000000000000e+00 0.000000000000000000e+00 0.000000000000000000e+00 0.000000000000000000e+00 3.490591859566123893e-11 0.000000000000000000e+00 0.000000000000000000e+00 0.000000000000000000e+00 0.000000000000000000e+00 0.000000000000000000e+00 0.000000000000000000e+00 1.343819071822653233e-11 1.257041046222477566e-11 0.000000000000000000e+00 0.000000000000000000e+00 0.000000000000000000e+00 2.101384135098452226e-11
3.540643826935425013e-11 0.000000000000000000e+00 0.000000000000000000e+00 0.000000000000000000e+00 1.143002286004571384e-10 1.101179264428864150e-10 0.000000000000000000e+00 0.000000000000000000e+00 0.000000000000000000e+00 0.000000000000000000e+00 0.000000000000000000e+00 0.000000000000000000e+00 1.881564907305684205e-11 0.000000000000000000e+00 0.000000000000000000e+00 0.000000000000000000e+00 0.000000000000000000e+00 0.000000000000000000e+00 0.000000000000000000e+00 5.414221354758492969e-11 3.673935919300411898e-11 0.000000000000000000e+00 0.000000000000000000e+00 0.000000000000000000e+00 0.000000000000000000e+00 0.000000000000000000e+00 0.000000000000000000e+00 1.615440000009691656e-11 0.000000000000000000e+00 0.000000000000000000e+00 0.000000000000000000e+00 1.749036411887227688e-11 1.545349271408548892e-11 2.152185840714108620e-11 2.349241068691960886e-11 0.000000000000000000e+00 0.000000000000000000e+00 0.000000000000000000e+00 1.898423466303428376e-10 0.000000000000000000e+00 0.000000000000000000e+00 0.000000000000000000e+00 0.000000000000000000e+00 0.000000000000000000e+00 0.000000000000000000e+00 1.602464071812465194e-11 1.570217277771327793e-11 0.000000000000000000e+00 0.000000000000000000e+00 0.000000000000000000e+00 0.000000000000000000e+00 0.000000000000000000e+00 0.000000000000000000e+00 4.794875960233866691e-11 0.000000000000000000e+00 0.000000000000000000e+00 0.000000000000000000e+00 0.000000000000000000e+00 0.000000000000000000e+00 0.000000000000000000e+00 1.428615073344391794e-11 1.343819071822654202e-11 0.000000000000000000e+00 0.000000000000000000e+00 0.000000000000000000e+00 2.359765543754800115e-11
0.000000000000000000e+00 -4.719927268524042188e-11 -6.167677561323748801e-11 -7.055569666694883587e-11 0.000000000000000000e+00 0.000000000000000000e+00 8.170037931230140953e-10 1.270002540005079718e-10 6.350012700025398589e-11 4.233341800016931315e-11 3.175006350012699294e-11 2.540005080010159242e-11 0.000000000000000000e+00 -2.490679897614731473e-11 -3.080208598378624721e-11 -4.016100660615161902e-11 -5.679624022097508501e-11 -8.980274081617312092e-11 -1.270002540005078167e-10 0.000000000000000000e+00 0.000000000000000000e+00 4.535723357160994468e-11 4.271480784838151308e-11 3.690869911856084114e-11 3.094806825175127224e-11 2.601066549781051967e-11 2.216169712851713715e-11 0.000000000000000000e+00 -2.022256017584714716e-11 -2.301877805417873457e-11 -2.623166067983321886e-11 0.000000000000000000e+00 0.000000000000000000e+00 0.000000000000000000e+00 0.000000000000000000e+00 -4.570839158932525862e-11 -6.414481486869509929e-11 -8.722413255568260772e-11 0.000000000000000000e+00 2.245068520404331060e-10 8.722413255568263357e-11 5.219678286301664386e-11 3.709717029698919637e-11 2.874515685881334292e-11 2.345430705972558935e-11 0.000000000000000000e+00 0.000000000000000000e+00 -2.276589850717786956e-11 -2.750495820575373398e-11 -3.453951569852812840e-11 -4.570839158932525862e-11 -6.414481486869509929e-11 -8.722413255568260772e-11 0.000000000000000000e+00 5.219678286301663094e-11 4.570839158932525862e-11 3.741780867340546166e-11 3.051621357202263864e-11 2.533930926046551513e-11 2.149153681173520498e-11 0.000000000000000000e+00 0.000000000000000000e+00 -1.856443187086250898e-11 -2.087871314520665819e-11 -2.350245142867681328e-11 0.000000000000000000e+00
0.000000000000000000e+00 -6.167677561323752678e-11 -7.055569666694893927e-11 -6.167677561323748801e-11 0.000000000000000000e+00 0.000000000000000000e+00 1.270002540005079718e-10 8.170037931230157497e-10 1.270002540005080493e-10 6.350012700025401174e-11 4.233341800016934547e-11 3.175006350012701233e-11 0.000000000000000000e+00 -3.080208598378626659e-11 -4.016100660615163841e-11 -5.679624022097511086e-11 -8.980274081617317262e-11 -1.270002540005079976e-10 -8.980274081617312092e-11 0.000000000000000000e+00 0.000000000000000000e+00 4.271480784838151308e-11 4.535723357161000931e-11 4.271480784838153893e-11 3.690869911856086052e-11 3.094806825175129809e-11 2.601066549781053905e-11 0.000000000000000000e+00 -2.301877805417875073e-11 -2.623166067983324147e-11 -2.957495763478678991e-11 0.000000000000000000e+00 0.000000000000000000e+00 0.000000000000000000e+00 0.000000000000000000e+00 -6.414481486869512514e-11 -8.722413255568265942e-11 -8.337975162542710484e-11 0.000000000000000000e+00 1.761176645368393941e-10 2.245068520404331577e-10 8.722413255568265942e-11 5.219678286301668263e-11 3.709717029698922222e-11 2.874515685881334292e-11 0.000000000000000000e+00 0.000000000000000000e+00 -2.750495820575373398e-11 -3.453951569852815425e-11 -4.570839158932529093e-11 -6.414481486869512514e-11 -8.722413255568265942e-11 -8.337975162542710484e-11 0.000000000000000000e+00 5.133680997297710884e-11 5.219678286301666325e-11 4.570839158932527801e-11 3.741780867340549398e-11 3.051621357202266449e-11 2.533930926046551513e-11 0.000000000000000000e+00 0.000000000000000000e+00 -2.087871314520665819e-11 -2.350245142867683267e-11 -2.625407132952511758e-11 0.000000000000000000e+00
0.000000000000000000e+00 -7.055569666694891342e-11 -6.167677561323752678e-11 -4.719927268524042188e-11 0.000000000000000000e+00 0.000000000000000000e+00 6.350012700025398589e-11 1.270002540005080493e-10 8.170037931230157497e-10 1.270002540005079976e-10 6.350012700025399881e-11 4.233341800016933900e-11 0.000000000000000000e+00 -4.016100660615163841e-11 -5.679624022097509793e-11 -8.980274081617313384e-11 -1.270002540005079459e-10 -8.980274081617317262e-11 -5.679624022097508501e-11 0.000000000000000000e+00 0.000000000000000000e+00 3.690869911856084114e-11 4.271480784838153893e-11 4.535723357160998992e-11 4.271480784838152601e-11 3.690869911856085406e-11 3.094806825175129809e-11 0.000000000000000000e+00 -2.623166067983324147e-11 -2.957495763478678991e-11 -3.232071364994205334e-11 0.000000000000000000e+00 0.000000000000000000e+00 0.000000000000000000e+00 0.000000000000000000e+00 -8.722413255568262065e-11 -8.337975162542706607e-11 -5.973589461414766469e-11 0.000000000000000000e+00 7.700521495946565356e-11 1.761176645368393683e-10 2.245068520404330285e-10 8.722413255568265942e-11 5.219678286301668263e-11 3.709717029698919637e-11 0.000000000000000000e+00 0.000000000000000000e+00 -3.453951569852812840e-11 -4.570839158932529093e-11 -6.414481486869512514e-11 -8.722413255568262065e-11 -8.337975162542706607e-11 -5.973589461414766469e-11 0.000000000000000000e+00 4.402941613420982914e-11 5.133680997297708945e-11 5.219678286301664386e-11 4.570839158932527801e-11 3.741780867340549398e-11 3.051621357202263864e-11 0.000000000000000000e+00 0.000000000000000000e+00 -2.350245142867681328e-11 -2.625407132952511758e-11 -2.868643329010830530e-11 0.000000000000000000e+00
0.000000000000000000e+00 -6.167677561323750093e-11 -4.719927268524044127e-11 -3.630060645637727123e-11 0.000000000000000000e+00 0.000000000000000000e+00 4.233341800016931315e-11 6.350012700025401174e-11 1.270002540005079976e-10 8.170037931230140953e-10 1.270002540005079718e-10 6.350012700025399881e-11 0.000000000000000000e+00 -5.679624022097508501e-11 -8.980274081617312092e-11 -1.270002540005078942e-10 -8.980274081617313384e-11 -5.679624022097511086e-11 -4.016100660615161902e-11 0.000000000000000000e+00 0.000000000000000000e+00 3.094806825175127224e-11 3.690869911856086052e-11 4.271480784838152601e-11 4.535723357160997053e-11 4.271480784838151955e-11 3.690869911856085406e-11 0.000000000000000000e+00 -2.957495763478678991e-11 -3.232071364994205334e-11 -3.342111947381787507e-11 0.000000000000000000e+00 0.000000000000000000e+00 0.000000000000000000e+00 0.000000000000000000e+00 -8.337975162542705314e-11 -5.973589461414763884e-11 -4.300771281931650899e-11 0.000000000000000000e+00 4.827825255713141613e-11 7.700521495946561479e-11 1.761176645368393424e-10 2.245068520404330285e-10 8.722413255568265942e-11 5.219678286301664386e-11 0.000000000000000000e+00 0.000000000000000000e+00 -4.570839158932525862e-11 -6.414481486869512514e-11 -8.722413255568262065e-11 -8.337975162542705314e-11 -5.973589461414763884e-11 -4.300771281931650899e-11 0.000000000000000000e+00 3.589239388774583675e-11 4.402941613420980975e-11 5.133680997297706360e-11 5.219678286301664386e-11 4.570839158932527801e-11 3.741780867340546166e-11 0.000000000000000000e+00 0.000000000000000000e+00 -2.625407132952509496e-11 -2.868643329010830530e-11 -3.010194711328277028e-11 0.000000000000000000e+00
0.000000000000000000e+00 -4.719927268524043480e-11 -3.630060645637729708e-11 -2.895356569644101435e-11 0.000000000000000000e+00 0.000000000000000000e+00 3.175006350012699294e-11 4.233341800016934547e-11 6.350012700025399881e-11 1.270002540005079718e-10 8.170037931230140953e-10 1.270002540005080235e-10 0.000000000000000000e+00 -8.980274081617315969e-11 -1.270002540005079459e-10 -8.980274081617312092e-11 -5.679624022097509793e-11 -4.016100660615163841e-11 -3.080208598378624721e-11 0.000000000000000000e+00 0.000000000000000000e+00 2.601066549781051967e-11 3.094806825175129809e-11 3.690869911856085406e-11 4.271480784838151955e-11 4.535723357160998992e-11 4.271480784838153247e-11 0.000000000000000000e+00 -3.232071364994206626e-11 -3.342111947381788799e-11 -3.232071364994205334e-11 0.000000000000000000e+00 0.000000000000000000e+00 0.000000000000000000e+00 0.000000000000000000e+00 -5.973589461414763884e-11 -4.300771281931650899e-11 -3.287911944872350627e-11 0.000000000000000000e+00 3.506207965292308481e-11 4.827825255713141613e-11 7.700521495946561479e-11 1.761176645368393683e-10 2.245068520404331577e-10 8.722413255568263357e-11 0.000000000000000000e+00 0.000000000000000000e+00 -6.414481486869509929e-11 -8.722413255568265942e-11 -8.337975162542706607e-11 -5.973589461414763884e-11 -4.300771281931650899e-11 -3.287911944872350627e-11 0.000000000000000000e+00 2.935294408947321943e-11 3.589239388774583675e-11 4.402941613420980975e-11 5.133680997297708945e-11 5.219678286301666325e-11 4.570839158932525862e-11 0.000000000000000000e+00 0.000000000000000000e+00 -2.868643329010829561e-11 -3.010194711328277674e-11 -2.993424693872438226e-11 0.000000000000000000e+00
0.000000000000000000e+00 -3.630060645637729062e-11 -2.895356569644103373e-11 -2.389858805864177269e-11 0.000000000000000000e+00 0.000000000000000000e+00 2.540005080010159242e-11 3.175006350012701233e-11 4.233341800016933900e-11 6.350012700025399881e-11 1.270002540005080235e-10 8.170037931230140953e-10 0.000000000000000000e+00 -1.270002540005079976e-10 -8.980274081617315969e-11 -5.679624022097508501e-11 -4.016100660615163841e-11 -3.080208598378626659e-11 -2.490679897614731473e-11 0.000000000000000000e+00 0.000000000000000000e+00 2.216169712851713715e-11 2.601066549781053905e-11 3.094806825175129809e-11 3.690869911856085406e-11 4.271480784838153247e-11 4.535723357161000931e-11 0.000000000000000000e+00 -3.342111947381790091e-11 -3.232071364994206626e-11 -2.957495763478678991e-11 0.000000000000000000e+00 0.000000000000000000e+00 0.000000000000000000e+00 0.000000000000000000e+00 -4.300771281931650899e-11 -3.287911944872350627e-11 -2.641257082828623598e-11 0.000000000000000000e+00 2.750495820575375337e-11 3.506207965292308481e-11 4.827825255713141613e-11 7.700521495946565356e-11 1.761176645368393941e-10 2.245068520404331060e-10 0.000000000000000000e+00 0.000000000000000000e+00 -8.722413255568260772e-11 -8.337975162542710484e-11 -5.973589461414766469e-11 -4.300771281931650899e-11 -3.287911944872350627e-11 -2.641257082828623598e-11 0.000000000000000000e+00 2.447750014261176044e-11 2.935294408947321943e-11 3.589239388774583675e-11 4.402941613420982914e-11 5.133680997297710884e-11 5.219678286301663094e-11 0.000000000000000000e+00 0.000000000000000000e+00 -3.010194711328276382e-11 -2.993424693872439518e-11 -2.825718564198532122e-11 0.000000000000000000e+00
3.376087447946219014e-11 0.000000000000000000e+00 0.000000000000000000e+00 0.000000000000000000e+00 1.820434334887407216e-11 1.881564907305684205e-11 0.000000000000000000e+00 0.000000000000000000e+00 0.000000000000000000e+00 0.000000000000000000e+00 0.000000000000000000e+00 0.000000000000000000e+00 1.177696385180341713e-10 0.000000000000000000e+00 0.000000000000000000e+00 0.000000000000000000e+00 0.000000000000000000e+00 0.000000000000000000e+00 0.000000000000000000e+00 1.881564907305684205e-11 1.820434334887408831e-11 0.000000000000000000e+00 0.000000000000000000e+00 0.000000000000000000e+00 0.000000000000000000e+00 0.000000000000000000e+00 0.000000000000000000e+00 4.535723357161001577e-11 0.000000000000000000e+00 0.000000000000000000e+00 0.000000000000000000e+00 2.257028437334200323e-11 1.973175082072665357e-11 2.387933526075115884e-11 2.757041289883738221e-11 0.000000000000000000e+00 0.000000000000000000e+00 0.000000000000000000e+00 2.200148998841877893e-11 0.000000000000000000e+00 0.000000000000000000e+00 0.000000000000000000e+00 0.000000000000000000e+00 0.000000000000000000e+00 0.000000000000000000e+00 1.898423466303429668e-10 1.898423466303430961e-10 0.000000000000000000e+00 0.000000000000000000e+00 0.000000000000000000e+00 0.000000000000000000e+00 0.000000000000000000e+00 0.000000000000000000e+00 2.200148998841877893e-11 0.000000000000000000e+00 0.000000000000000000e+00 0.000000000000000000e+00 0.000000000000000000e+00 0.000000000000000000e+00 0.000000000000000000e+00 4.794875960233865398e-11 3.490591859566126478e-11 0.000000000000000000e+00 0.000000000000000000e+00 0.000000000000000000e+00 3.257836565552142146e-11
0.000000000000000000e+00 3.094806825175129809e-11 2.601066549781053905e-11 2.216169712851714039e-11 0.000000000000000000e+00 0.000000000000000000e+00 -2.490679897614731473e-11 -3.080208598378626659e-11 -4.016100660615163841e-11 -5.679624022097508501e-11 -8.980274081617315969e-11 -1.270002540005079976e-10 0.000000000000000000e+00 8.170037931230140953e-10 1.270002540005080235e-10 6.350012700025399881e-11 4.233341800016933900e-11 3.175006350012701233e-11 2.540005080010159242e-11 0.000000000000000000e+00 0.000000000000000000e+00 -2.389858805864176623e-11 -2.895356569644103373e-11 -3.630060645637729062e-11 -4.719927268524043480e-11 -6.167677561323751386e-11 -7.055569666694891342e-11 0.000000000000000000e+00 4.535723357161001577e-11 4.271480784838153893e-11 3.690869911856086052e-11 0.000000000000000000e+00 0.000000000000000000e+00 0.000000000000000000e+00 0.000000000000000000e+00 3.589239388774583675e-11 2.935294408947321943e-11 2.447750014261176044e-11 0.000000000000000000e+00 -2.641257082828623598e-11 -3.287911944872350627e-11 -4.300771281931650899e-11 -5.973589461414766469e-11 -8.337975162542710484e-11 -8.722413255568260772e-11 0.000000000000000000e+00 0.000000000000000000e+00 2.245068520404331060e-10 1.761176645368393941e-10 7.700521495946565356e-11 4.827825255713141613e-11 3.506207965292308481e-11 2.750495820575375337e-11 0.000000000000000000e+00 -2.641257082828623598e-11 -3.287911944872350627e-11 -4.300771281931650899e-11 -5.973589461414766469e-11 -8.337975162542710484e-11 -8.722413255568260772e-11 0.000000000000000000e+00 0.000000000000000000e+00 3.938110699428765537e-11 3.900781793459178211e-11 3.549765013810944267e-11 0.000000000000000000e+00
0.000000000000000000e+00 3.690869911856086052e-11 3.094806825175129809e-11 2.601066549781052290e-11 0.000000000000000000e+00 0.000000000000000000e+00 -3.080208598378624721e-11 -4.016100660615163841e-11 -5.679624022097509793e-11 -8.980274081617312092e-11 -1.270002540005079459e-10 -8.980274081617315969e-11 0.000000000000000000e+00 1.270002540005080235e-10 8.170037931230140953e-10 1.270002540005079718e-10 6.350012700025399881e-11 4.233341800016934547e-11 3.175006350012699294e-11 0.000000000000000000e+00 0.000000000000000000e+00 -2.895356569644101112e-11 -3.630060645637729062e-11 -4.719927268524043480e-11 -6.167677561323748801e-11 -7.055569666694888757e-11 -6.167677561323751386e-11 0.000000000000000000e+00 4.271480784838153893e-11 4.535723357160999638e-11 4.271480784838152601e-11 0.000000000000000000e+00 0.000000000000000000e+00 0.000000000000000000e+00 0.000000000000000000e+00 4.402941613420980975e-11 3.589239388774583675e-11 2.935294408947321943e-11 0.000000000000000000e+00 -3.287911944872350627e-11 -4.300771281931650899e-11 -5.973589461414763884e-11 -8.337975162542706607e-11 -8.722413255568265942e-11 -6.414481486869509929e-11 0.000000000000000000e+00 0.000000000000000000e+00 8.722413255568263357e-11 2.245068520404331577e-10 1.761176645368393683e-10 7.700521495946561479e-11 4.827825255713141613e-11 3.506207965292308481e-11 0.000000000000000000e+00 -3.287911944872350627e-11 -4.300771281931650899e-11 -5.973589461414763884e-11 -8.337975162542706607e-11 -8.722413255568265942e-11 -6.414481486869509929e-11 0.000000000000000000e+00 0.000000000000000000e+00 3.636006694906451612e-11 3.938110699428768121e-11 3.900781793459176919e-11 0.000000000000000000e+00
0.000000000000000000e+00 4.271480784838153247e-11 3.690869911856086052e-11 3.094806825175127870e-11 0.000000000000000000e+00 0.000000000000000000e+00 -4.016100660615161902e-11 -5.679624022097511086e-11 -8.980274081617313384e-11 -1.270002540005078942e-10 -8.980274081617312092e-11 -5.679624022097508501e-11 0.000000000000000000e+00 6.350012700025399881e-11 1.270002540005079718e-10 8.170037931230140953e-10 1.270002540005079976e-10 6.350012700025401174e-11 4.233341800016931315e-11 0.000000000000000000e+00 0.000000000000000000e+00 -3.630060645637727123e-11 -4.719927268524043480e-11 -6.167677561323750093e-11 -7.055569666694886172e-11 -6.167677561323748801e-11 -4.719927268524043480e-11 0.000000000000000000e+00 3.690869911856086052e-11 4.271480784838152601e-11 4.535723357160997700e-11 0.000000000000000000e+00 0.000000000000000000e+00 0.000000000000000000e+00 0.000000000000000000e+00 5.133680997297706360e-11 4.402941613420980975e-11 3.589239388774583675e-11 0.000000000000000000e+00 -4.300771281931650899e-11 -5.973589461414763884e-11 -8.337975162542705314e-11 -8.722413255568262065e-11 -6.414481486869512514e-11 -4.570839158932525862e-11 0.000000000000000000e+00 0.000000000000000000e+00 5.219678286301664386e-11 8.722413255568265942e-11 2.245068520404330285e-10 1.761176645368393424e-10 7.700521495946561479e-11 4.827825255713141613e-11 0.000000000000000000e+00 -4.300771281931650899e-11 -5.973589461414763884e-11 -8.337975162542705314e-11 -8.722413255568262065e-11 -6.414481486869512514e-11 -4.570839158932525862e-11 0.000000000000000000e+00 0.000000000000000000e+00 3.175006350012698002e-11 3.636006694906452904e-11 3.938110699428766183e-11 0.000000000000000000e+00
0.000000000000000000e+00 4.535723357160999638e-11 4.271480784838154540e-11 3.690869911856084114e-11 0.000000000000000000e+00 0.000000000000000000e+00 -5.679624022097508501e-11 -8.980274081617317262e-11 -1.270002540005079459e-10 -8.980274081617313384e-11 -5.679624022097509793e-11 -4.016100660615163841e-11 0.000000000000000000e+00 4.233341800016933900e-11 6.350012700025399881e-11 1.270002540005079976e-10 8.170037931230157497e-10 1.270002540005080493e-10 6.350012700025398589e-11 0.000000000000000000e+00 0.000000000000000000e+00 -4.719927268524041542e-11 -6.167677561323752678e-11 -7.055569666694888757e-11 -6.167677561323750093e-11 -4.719927268524043480e-11 -3.630060645637729062e-11 0.000000000000000000e+00 3.094806825175129809e-11 3.690869911856086052e-11 4.271480784838153247e-11 0.000000000000000000e+00 0.000000000000000000e+00 0.000000000000000000e+00 0.000000000000000000e+00 5.219678286301664386e-11 5.133680997297708945e-11 4.402941613420982914e-11 0.000000000000000000e+00 -5.973589461414766469e-11 -8.337975162542706607e-11 -8.722413255568262065e-11 -6.414481486869512514e-11 -4.570839158932529093e-11 -3.453951569852812840e-11 0.000000000000000000e+00 0.000000000000000000e+00 3.709717029698919637e-11 5.219678286301668263e-11 8.722413255568265942e-11 2.245068520404330285e-10 1.761176645368393683e-10 7.700521495946565356e-11 0.000000000000000000e+00 -5.973589461414766469e-11 -8.337975162542706607e-11 -8.722413255568262065e-11 -6.414481486869512514e-11 -4.570839158932529093e-11 -3.453951569852812840e-11 0.000000000000000000e+00 0.000000000000000000e+00 2.720046589269235807e-11 3.175006350012700587e-11 3.636006694906452904e-11 0.000000000000000000e+00
0.000000000000000000e+00 4.271480784838154540e-11 4.535723357161001577e-11 4.271480784838151955e-11 0.000000000000000000e+00 0.000000000000000000e+00 -8.980274081617312092e-11 -1.270002540005079976e-10 -8.980274081617317262e-11 -5.679624022097511086e-11 -4.016100660615163841e-11 -3.080208598378626659e-11 0.000000000000000000e+00 3.175006350012701233e-11 4.233341800016934547e-11 6.350012700025401174e-11 1.270002540005080493e-10 8.170037931230157497e-10 1.270002540005079718e-10 0.000000000000000000e+00 0.000000000000000000e+00 -6.167677561323748801e-11 -7.055569666694891342e-11 -6.167677561323752678e-11 -4.719927268524043480e-11 -3.630060645637729062e-11 -2.895356569644103373e-11 0.000000000000000000e+00 2.601066549781053905e-11 3.094806825175129809e-11 3.690869911856086052e-11 0.000000000000000000e+00 0.000000000000000000e+00 0.000000000000000000e+00 0.000000000000000000e+00 4.570839158932527801e-11 5.219678286301666325e-11 5.133680997297710884e-11 0.000000000000000000e+00 -8.337975162542710484e-11 -8.722413255568265942e-11 -6.414481486869512514e-11 -4.570839158932529093e-11 -3.453951569852815425e-11 -2.750495820575373398e-11 0.000000000000000000e+00 0.000000000000000000e+00 2.874515685881334292e-11 3.709717029698922222e-11 5.219678286301668263e-11 8.722413255568265942e-11 2.245068520404331577e-10 1.761176645368393941e-10 0.000000000000000000e+00 -8.337975162542710484e-11 -8.722413255568265942e-11 -6.414481486869512514e-11 -4.570839158932529093e-11 -3.453951569852815425e-11 -2.750495820575373398e-11 0.000000000000000000e+00 0.000000000000000000e+00 2.334311093770026174e-11 2.720046589269237746e-11 3.175006350012700587e-11 0.000000000000000000e+00
0.000000000000000000e+00 3.690869911856084114e-11 4.271480784838151955e-11 4.535723357160995115e-11 0.000000000000000000e+00 0.000000000000000000e+00 -1.270002540005078167e-10 -8.980274081617312092e-11 -5.679624022097508501e-11 -4.016100660615161902e-11 -3.080208598378624721e-11 -2.490679897614731473e-11 0.000000000000000000e+00 2.540005080010159242e-11 3.175006350012699294e-11 4.233341800016931315e-11 6.350012700025398589e-11 1.270002540005079718e-10 8.170037931230140953e-10 0.000000000000000000e+00 0.000000000000000000e+00 -7.055569666694881002e-11 -6.167677561323748801e-11 -4.719927268524041542e-11 -3.630060645637727123e-11 -2.895356569644101112e-11 -2.389858805864176623e-11 0.000000000000000000e+00 2.216169712851714039e-11 2.601066549781052290e-11 3.094806825175127870e-11 0.000000000000000000e+00 0.000000000000000000e+00 0.000000000000000000e+00 0.000000000000000000e+00 3.741780867340546166e-11 4.570839158932525862e-11 5.219678286301663094e-11 0.000000000000000000e+00 -8.722413255568260772e-11 -6.414481486869509929e-11 -4.570839158932525862e-11 -3.453951569852812840e-11 -2.750495820575373398e-11 -2.276589850717786956e-11 0.000000000000000000e+00 0.000000000000000000e+00 2.345430705972558935e-11 2.874515685881334292e-11 3.709717029698919637e-11 5.219678286301664386e-11 8.722413255568263357e-11 2.245068520404331060e-10 0.000000000000000000e+00 -8.722413255568260772e-11 -6.414481486869509929e-11 -4.570839158932525862e-11 -3.453951569852812840e-11 -2.750495820575373398e-11 -2.276589850717786956e-11 0.000000000000000000e+00 0.000000000000000000e+00 2.023282283074566866e-11 2.334311093770026174e-11 2.720046589269235807e-11 0.000000000000000000e+00
2.596934407303489555e-11 0.000000000000000000e+00 0.000000000000000000e+00 0.000000000000000000e+00 3.673935919300408020e-11 5.414221354758492969e-11 0.000000000000000000e+00 0.000000000000000000e+00 0.000000000000000000e+00 0.000000000000000000e+00 0.000000000000000000e+00 0.000000000000000000e+00 1.881564907305684205e-11 0.000000000000000000e+00 0.000000000000000000e+00 0.000000000000000000e+00 0.000000000000000000e+00 0.000000000000000000e+00 0.000000000000000000e+00 1.101179264428864150e-10 1.143002286004573064e-10 0.000000000000000000e+00 0.000000000000000000e+00 0.000000000000000000e+00 0.000000000000000000e+00 0.000000000000000000e+00 0.000000000000000000e+00 1.820434334887404954e-11 0.000000000000000000e+00 0.000000000000000000e+00 0.000000000000000000e+00 2.377385789872159220e-11 2.064767171434182344e-11 1.638873207873408086e-11 1.829304549117520033e-11 0.000000000000000000e+00 0.000000000000000000e+00 0.000000000000000000e+00 4.794875960233865398e-11 0.000000000000000000e+00 0.000000000000000000e+00 0.000000000000000000e+00 0.000000000000000000e+00 0.000000000000000000e+00 0.000000000000000000e+00 1.570217277771326501e-11 1.602464071812466486e-11 0.000000000000000000e+00 0.000000000000000000e+00 0.000000000000000000e+00 0.000000000000000000e+00 0.000000000000000000e+00 0.000000000000000000e+00 1.898423466303429668e-10 0.000000000000000000e+00 0.000000000000000000e+00 0.000000000000000000e+00 0.000000000000000000e+00 0.000000000000000000e+00 0.000000000000000000e+00 1.570217277771326501e-11 1.512633588762978374e-11 0.000000000000000000e+00 0.000000000000000000e+00 0.000000000000000000e+00 3.090270786909485907e-11
2.254911093017724465e-11 0.000000000000000000e+00 0.000000000000000000e+00 0.000000000000000000e+00 2.780275830821935406e-11 3.673935919300411898e-11 0.000000000000000000e+00 0.000000000000000000e+00 0.000000000000000000e+00 0.000000000000000000e+00 0.000000000000000000e+00 0.000000000000000000e+00 1.820434334887408831e-11 0.000000000000000000e+00 0.000000000000000000e+00 0.000000000000000000e+00 0.000000000000000000e+00 0.000000000000000000e+00 0.000000000000000000e+00 1.143002286004573064e-10 1.101179264428864150e-10 0.000000000000000000e+00 0.000000000000000000e+00 0.000000000000000000e+00 0.000000000000000000e+00 0.000000000000000000e+00 0.000000000000000000e+00 1.881564907305685497e-11 0.000000000000000000e+00 0.000000000000000000e+00 0.000000000000000000e+00 2.746248000016479789e-11 2.397204437246476312e-11 1.442326009398487358e-11 1.603653340979949812e-11 0.000000000000000000e+00 0.000000000000000000e+00 0.000000000000000000e+00 3.490591859566126478e-11 0.000000000000000000e+00 0.000000000000000000e+00 0.000000000000000000e+00 0.000000000000000000e+00 0.000000000000000000e+00 0.000000000000000000e+00 1.512633588762978374e-11 1.570217277771330055e-11 0.000000000000000000e+00 0.000000000000000000e+00 0.000000000000000000e+00 0.000000000000000000e+00 0.000000000000000000e+00 0.000000000000000000e+00 1.898423466303432770e-10 0.000000000000000000e+00 0.000000000000000000e+00 0.000000000000000000e+00 0.000000000000000000e+00 0.000000000000000000e+00 0.000000000000000000e+00 1.602464071812467456e-11 1.570217277771331348e-11 0.000000000000000000e+00 0.000000000000000000e+00 0.000000000000000000e+00 3.520938923336026198e-11
0.000000000000000000e+00 -2.531915871313499016e-11 -2.697861878728011184e-11 -2.760875086967562173e-11 0.000000000000000000e+00 0.000000000000000000e+00 4.535723357160994468e-11 4.271480784838151308e-11 3.690869911856084114e-11 3.094806825175127224e-11 2.601066549781051967e-11 2.216169712851713715e-11 0.000000000000000000e+00 -2.389858805864176623e-11 -2.895356569644101112e-11 -3.630060645637727123e-11 -4.719927268524041542e-11 -6.167677561323748801e-11 -7.055569666694881002e-11 0.000000000000000000e+00 0.000000000000000000e+00 8.170037931230156463e-10 1.270002540005079718e-10 6.350012700025398589e-11 4.233341800016931315e-11 3.175006350012699294e-11 2.540005080010159242e-11 0.000000000000000000e+00 -2.490679897614731473e-11 -3.080208598378624721e-11 -4.016100660615161902e-11 0.000000000000000000e+00 0.000000000000000000e+00 0.000000000000000000e+00 0.000000000000000000e+00 -2.625407132952509496e-11 -2.868643329010829561e-11 -3.010194711328276382e-11 0.000000000000000000e+00 3.938110699428765537e-11 3.636006694906451612e-11 3.175006350012698002e-11 2.720046589269235807e-11 2.334311093770026174e-11 2.023282283074566866e-11 0.000000000000000000e+00 0.000000000000000000e+00 -2.276589850717786310e-11 -2.750495820575373398e-11 -3.453951569852812840e-11 -4.570839158932524570e-11 -6.414481486869508637e-11 -8.722413255568256895e-11 0.000000000000000000e+00 2.245068520404328992e-10 8.722413255568262065e-11 5.219678286301664386e-11 3.709717029698918991e-11 2.874515685881334292e-11 2.345430705972558935e-11 0.000000000000000000e+00 0.000000000000000000e+00 -2.276589850717786956e-11 -2.750495820575373398e-11 -3.453951569852812840e-11 0.000000000000000000e+00
0.000000000000000000e+00 -2.697861878728012800e-11 -2.760875086967566051e-11 -2.697861878728011184e-11 0.000000000000000000e+00 0.000000000000000000e+00 4.271480784838151308e-11 4.535723357161000931e-11 4.271480784838153893e-11 3.690869911856086052e-11 3.094806825175129809e-11 2.601066549781053905e-11 0.000000000000000000e+00 -2.895356569644103373e-11 -3.630060645637729062e-11 -4.719927268524043480e-11 -6.167677561323752678e-11 -7.055569666694891342e-11 -6.167677561323748801e-11 0.000000000000000000e+00 0.000000000000000000e+00 1.270002540005079718e-10 8.170037931230135783e-10 1.270002540005080493e-10 6.350012700025401174e-11 4.233341800016934547e-11 3.175006350012701233e-11 0.000000000000000000e+00 -3.080208598378626659e-11 -4.016100660615165134e-11 -5.679624022097511086e-11 0.000000000000000000e+00 0.000000000000000000e+00 0.000000000000000000e+00 0.000000000000000000e+00 -2.868643329010830530e-11 -3.010194711328277674e-11 -2.993424693872439518e-11 0.000000000000000000e+00 3.900781793459178211e-11 3.938110699428768121e-11 3.636006694906452904e-11 3.175006350012700587e-11 2.720046589269237746e-11 2.334311093770026174e-11 0.000000000000000000e+00 0.000000000000000000e+00 -2.750495820575373398e-11 -3.453951569852815425e-11 -4.570839158932528447e-11 -6.414481486869511222e-11 -8.722413255568262065e-11 -8.337975162542706607e-11 0.000000000000000000e+00 1.761176645368392907e-10 2.245068520404330026e-10 8.722413255568264649e-11 5.219678286301668263e-11 3.709717029698922222e-11 2.874515685881334292e-11 0.000000000000000000e+00 0.000000000000000000e+00 -2.750495820575373398e-11 -3.453951569852815425e-11 -4.570839158932529093e-11 0.000000000000000000e+00
