68 68
2.494921232266509688e+14 6.433452977701612305e+12 4.760369668509883789e+12 3.100401615731914062e+12 2.214746097715881836e+12 1.962750696025278320e+12 1.696045233236202637e+12 2.008865801279915771e+12 2.306970305534625488e+12 2.440275267404060547e+12 2.306970305534625488e+12 2.008865801279915771e+12 1.696045233236202637e+12 1.438266686972562012e+12 1.614630432389191650e+12 1.757702250444184326e+12 1.814563660377377686e+12 1.757702250444184326e+12 1.614630432389191650e+12 1.438266686972562256e+12 1.250231861538791016e+12 1.098664517559010620e+12 1.171520478297046875e+12 1.222867047970323486e+12 1.241543557100311279e+12 1.222867047970323486e+12 1.171520478297046875e+12 1.098664517559010620e+12 9.640126312236066895e+11 1.012107859934674927e+12 1.044666786777464722e+12 1.056238548577876831e+12 9.373242748969237061e+11 8.424759851752111816e+11 1.769199568867944141e+13 8.325645029966792969e+12 4.558566502847117188e+12 4.380428163248362793e+12 3.226742267594409668e+12 2.357623331379709473e+12 1.961996227154033936e+12 2.384233918272231934e+12 2.752555512698551270e+12 2.795167264431559570e+12 2.469819627604690918e+12 2.042045019767616211e+12 1.676891087338099365e+12 1.471780014610399170e+12 1.290965326902792480e+12 1.437079998084895020e+12 1.564912861986185303e+12 1.638692243771640869e+12 1.629975733846813477e+12 1.542448832395027344e+12 1.408335494341666260e+12 1.198768782912021729e+12 1.278266998633350830e+12 1.326770115582772949e+12 1.331458363815470215e+12 1.290965326902792480e+12 1.216346975778937012e+12 1.123867779217459961e+12 1.000810409935071533e+12 8.989717992329039307e+11 9.442448052811945801e+11 9.779024388490000000e+11 9.951541063111258545e+11 8.415224183895241699e+11
6.433452977701612305e+12 2.494921232266509688e+14 7.076798275471774414e+12 3.538399137735887207e+12 2.358932758490591797e+12 2.259447801151527344e+12 2.022768152637260254e+12 2.630071366165105957e+12 3.436797057860001953e+12 3.931554597484320312e+12 3.436797057860001953e+12 2.630071366165105957e+12 2.022768152637259521e+12 1.724510220525230225e+12 2.056652723474815186e+12 2.380184834254942383e+12 2.527427955525633789e+12 2.380184834254941895e+12 2.056652723474815186e+12 1.724510220525230469e+12 1.485660471081343750e+12 1.288608962440084717e+12 1.410852128821672852e+12 1.503321740661012207e+12 1.538434407711255127e+12 1.503321740661012207e+12 1.410852128821672852e+12 1.288608962440084473e+12 1.113938559243320801e+12 1.190092417127470947e+12 1.244034887265229736e+12 1.263713977762816895e+12 1.097178027204926392e+12 9.694244212975032959e+11 6.046116798766077148e+12 1.331458363815470312e+13 1.251013012418840234e+13 9.813753480126396484e+12 4.290939232493976562e+12 2.690195048253460449e+12 2.396506292896917969e+12 3.328645909538675781e+12 4.646145688100174805e+12 4.860365010349564453e+12 3.574322892625255859e+12 2.546995431777890625e+12 1.924635403721291260e+12 1.723998420478189941e+12 1.515683662496172607e+12 1.769199568867943604e+12 2.026081452405196777e+12 2.194421989598775146e+12 2.173621311720618896e+12 1.978025250876021240e+12 1.716375692997590332e+12 1.432655934232003418e+12 1.574566950236868164e+12 1.668017349891785645e+12 1.677362058022104736e+12 1.598485792288750488e+12 1.462947993065849365e+12 1.309620276343337158e+12 1.154559232956045898e+12 1.026161917405940552e+12 1.095107040812090454e+12 1.148612965614011719e+12 1.176854047401830322e+12 9.679723711713958740e+11
4.760369668509883789e+12 7.076798275471774414e+12 2.494921232266509688e+14 7.076798275471774414e+12 3.538399137735887695e+12 3.226742267594409180e+12 2.630071366165105957e+12 3.436797057860001953e+12 3.931554597484320312e+12 3.436797057860001953e+12 2.630071366165105957e+12 2.022768152637260254e+12 1.613371133797204590e+12 1.449384760585143799e+12 1.724510220525230225e+12 2.056652723474815186e+12 2.380184834254941895e+12 2.527427955525633789e+12 2.380184834254941895e+12 2.056652723474815186e+12 1.682569064377519775e+12 1.410852128821673340e+12 1.503321740661012207e+12 1.538434407711255127e+12 1.503321740661012207e+12 1.410852128821673340e+12 1.288608962440084473e+12 1.160911099545253906e+12 1.028326361737407593e+12 1.113938559243320801e+12 1.190092417127471191e+12 1.244034887265229736e+12 1.084224642086611328e+12 9.604547204647391357e+11 3.974725902964536621e+12 4.903930551421686523e+12 4.860365010349564453e+12 1.251013012418840234e+13 9.813753480126396484e+12 4.290939232493974609e+12 3.328645909538675293e+12 4.646145688100174805e+12 4.860365010349564453e+12 3.574322892625255859e+12 2.546995431777891113e+12 1.924635403721291260e+12 1.532650799238738037e+12 1.425372430342803711e+12 1.300741392433772949e+12 1.515683662496172607e+12 1.769199568867943848e+12 2.026081452405196777e+12 2.194421989598774170e+12 2.173621311720618896e+12 1.978025250876021240e+12 1.574566950236868164e+12 1.668017349891785645e+12 1.677362058022104736e+12 1.598485792288750488e+12 1.462947993065849365e+12 1.309620276343337158e+12 1.163418469851858643e+12 1.050636359866104004e+12 9.511275806672469482e+11 1.026161917405940552e+12 1.095107040812090454e+12 1.148612965614011719e+12 9.520739337019770508e+11
3.100401615731914062e+12 3.538399137735887207e+12 7.076798275471774414e+12 2.494921232266509688e+14 7.076798275471778320e+12 5.260142732330211914e+12 3.436797057860001953e+12 3.931554597484320312e+12 3.436797057860001953e+12 2.630071366165105957e+12 2.022768152637259521e+12 1.613371133797204590e+12 1.331694082745141357e+12 1.234909813802345459e+12 1.449384760585143799e+12 1.724510220525230225e+12 2.056652723474815186e+12 2.380184834254941895e+12 2.527427955525633789e+12 2.380184834254942383e+12 1.846400539185410156e+12 1.503321740661012207e+12 1.538434407711255127e+12 1.503321740661012207e+12 1.410852128821672852e+12 1.288608962440084473e+12 1.160911099545253906e+12 1.041607062980462891e+12 9.426518495363786621e+11 1.028326361737407593e+12 1.113938559243320801e+12 1.190092417127470947e+12 1.047954652717416626e+12 9.349694165824344482e+11 2.680528487895968262e+12 2.917802205796281250e+12 2.908546174629646484e+12 4.860365010349564453e+12 1.251013012418839648e+13 9.813753480126396484e+12 4.646145688100174805e+12 4.860365010349564453e+12 3.574322892625254395e+12 2.546995431777890625e+12 1.924635403721291260e+12 1.532650799238738037e+12 1.268577551778105225e+12 1.205708168130767334e+12 1.127427711412091309e+12 1.300741392433772705e+12 1.515683662496172607e+12 1.769199568867943604e+12 2.026081452405196777e+12 2.194421989598774170e+12 2.173621311720618896e+12 1.668017349891785645e+12 1.677362058022104736e+12 1.598485792288750488e+12 1.462947993065849365e+12 1.309620276343337158e+12 1.163418469851858643e+12 1.034460446420112427e+12 9.527639674462680664e+11 8.766904553883685303e+11 9.511275806672465820e+11 1.026161917405940552e+12 1.095107040812090454e+12 9.209305185583751221e+11
2.214746097715881836e+12 2.358932758490591797e+12 3.538399137735887695e+12 7.076798275471778320e+12 2.494921232266509688e+14 7.863109194968637695e+12 3.931554597484320312e+12 3.436797057860001953e+12 2.630071366165105957e+12 2.022768152637260254e+12 1.613371133797204834e+12 1.331694082745141846e+12 1.129723900575763672e+12 1.068812547063348755e+12 1.234909813802345703e+12 1.449384760585144043e+12 1.724510220525230469e+12 2.056652723474815186e+12 2.380184834254942383e+12 2.527427955525633789e+12 1.912648182559939453e+12 1.538434407711255127e+12 1.503321740661012207e+12 1.410852128821673340e+12 1.288608962440084717e+12 1.160911099545253906e+12 1.041607062980463135e+12 9.360320214990102539e+11 8.622551102626151123e+11 9.426518495363786621e+11 1.028326361737407593e+12 1.113938559243320801e+12 9.948344807668896484e+11 8.966596994732729492e+11 1.980347331797920898e+12 2.070469900624457520e+12 2.067154848222318115e+12 2.908546174629646973e+12 4.860365010349566406e+12 1.251013012418840820e+13 4.860365010349564453e+12 3.574322892625255859e+12 2.546995431777891113e+12 1.924635403721291260e+12 1.532650799238738037e+12 1.268577551778105225e+12 1.080206931002845581e+12 1.040593113947018311e+12 9.890126254380106201e+11 1.127427711412091309e+12 1.300741392433772949e+12 1.515683662496172607e+12 1.769199568867943848e+12 2.026081452405197021e+12 2.194421989598775146e+12 1.677362058022104736e+12 1.598485792288750488e+12 1.462947993065849365e+12 1.309620276343337158e+12 1.163418469851858643e+12 1.034460446420112427e+12 9.244597521286727295e+11 8.647621382767220459e+11 8.066855668986022949e+11 8.766904553883685303e+11 9.511275806672469482e+11 1.026161917405940552e+12 8.787833623070585938e+11
1.962750696025278320e+12 2.259447801151527344e+12 3.226742267594409180e+12 5.260142732330211914e+12 7.863109194968637695e+12 2.494921232266509688e+14 7.863109194968643555e+12 5.260142732330214844e+12 3.226742267594409668e+12 2.259447801151527344e+12 1.726048359871164795e+12 1.392973369969025391e+12 1.166417179421619141e+12 1.124435102716094238e+12 1.323054966209391846e+12 1.598078171271721924e+12 1.992871392322608154e+12 2.565337370689480469e+12 3.295993552677032227e+12 3.724630671300934082e+12 2.527427955525634277e+12 1.912648182559938721e+12 1.846400539185409668e+12 1.682569064377519775e+12 1.485660471081343750e+12 1.298768412022471436e+12 1.137725393206492188e+12 1.003927423832423706e+12 9.285090219361582031e+11 1.031270206149349121e+12 1.146651199936853760e+12 1.269189455126709717e+12 1.121712709585013184e+12 1.001210974453785767e+12 1.794039578646653076e+12 1.953567967079240234e+12 2.059263242050658691e+12 2.886686227549882324e+12 4.760369668509884766e+12 1.105210208807226758e+13 1.105210208807227734e+13 4.760369668509885742e+12 2.886686227549882324e+12 2.059263242050658691e+12 1.598078171271721924e+12 1.304936274995602295e+12 1.102390619157964844e+12 1.080206931002845581e+12 1.040593113947018311e+12 1.205708168130767334e+12 1.425372430342803711e+12 1.723998420478189941e+12 2.128902035363248779e+12 2.628256897949018066e+12 3.031367324992345703e+12 2.128902035363248779e+12 1.974173201941075684e+12 1.734321856578363525e+12 1.493580529713856445e+12 1.286690595540322754e+12 1.118241372014736572e+12 9.827938628672315674e+11 9.244597521286727295e+11 8.647621382767220459e+11 9.527639674462680664e+11 1.050636359866104004e+12 1.154559232956045898e+12 9.765049688278465576e+11
1.696045233236202637e+12 2.022768152637260254e+12 2.630071366165105957e+12 3.436797057860001953e+12 3.931554597484320312e+12 7.863109194968643555e+12 2.494921232266509688e+14 7.076798275471778320e+12 3.538399137735887695e+12 2.358932758490591797e+12 1.769199568867943848e+12 1.415359655094354980e+12 1.179466379245295898e+12 1.163418469851858643e+12 1.387874326938090332e+12 1.716375692997590332e+12 2.237880109204251465e+12 3.164840401401634766e+12 5.004052049675357422e+12 7.076798275471770508e+12 3.724630671300934082e+12 2.527427955525632812e+12 2.380184834254941895e+12 2.056652723474815186e+12 1.724510220525230225e+12 1.449384760585143799e+12 1.234909813802345703e+12 1.068812547063348755e+12 9.964356961613040771e+11 1.126855848473239258e+12 1.282668685344739990e+12 1.461699210940649414e+12 1.278840832481299805e+12 1.129579977535421875e+12 1.583608352689539307e+12 1.759195106734203125e+12 1.924635403721291260e+12 2.546995431777891113e+12 3.574322892625255859e+12 4.860365010349564453e+12 1.251013012418840820e+13 4.860365010349566406e+12 2.908546174629646973e+12 2.067154848222318115e+12 1.601758028655614502e+12 1.306937541652379395e+12 1.103596369724666504e+12 1.102390619157964844e+12 1.080206931002845581e+12 1.268577551778105225e+12 1.532650799238738037e+12 1.924635403721291260e+12 2.546995431777891113e+12 3.574322892625255859e+12 4.860365010349564453e+12 2.908546174629645996e+12 2.546995431777890625e+12 2.085021687364732178e+12 1.700446107608213623e+12 1.411974971919277344e+12 1.197566665070745850e+12 1.035345735796018799e+12 9.827938628672315674e+11 9.244597521286727295e+11 1.034460446420112427e+12 1.163418469851858643e+12 1.309620276343337158e+12 1.094452033252556396e+12
2.008865801279915771e+12 2.630071366165105957e+12 3.436797057860001953e+12 3.931554597484320312e+12 3.436797057860001953e+12 5.260142732330214844e+12 7.076798275471778320e+12 2.494921232266509688e+14 7.076798275471774414e+12 3.538399137735887207e+12 2.358932758490591797e+12 1.769199568867943604e+12 1.415359655094354736e+12 1.387874326938090088e+12 1.716375692997590332e+12 2.237880109204250488e+12 3.164840401401634277e+12 5.004052049675355469e+12 7.076798275471770508e+12 5.004052049675357422e+12 3.295993552677032227e+12 2.380184834254941895e+12 2.527427955525632812e+12 2.380184834254941406e+12 2.056652723474815186e+12 1.724510220525230225e+12 1.449384760585143799e+12 1.234909813802345215e+12 1.126855848473239258e+12 1.282668685344739990e+12 1.461699210940649414e+12 1.647996776338516113e+12 1.398060820992727295e+12 1.209223359753215820e+12 1.879974207989121826e+12 2.196270591398074463e+12 2.546995431777890625e+12 3.574322892625254395e+12 4.860365010349564453e+12 4.646145688100174805e+12 9.813753480126396484e+12 1.251013012418839648e+13 4.860365010349564453e+12 2.908546174629646484e+12 2.067154848222318115e+12 1.601758028655614502e+12 1.306937541652379395e+12 1.304936274995602295e+12 1.268577551778105225e+12 1.532650799238738037e+12 1.924635403721291260e+12 2.546995431777890625e+12 3.574322892625254395e+12 4.860365010349564453e+12 4.646145688100174805e+12 2.860626154995983398e+12 2.908546174629645996e+12 2.546995431777890625e+12 2.085021687364731201e+12 1.700446107608213623e+12 1.411974971919277344e+12 1.197566665070745850e+12 1.118241372014736572e+12 1.034460446420112427e+12 1.163418469851858398e+12 1.309620276343337158e+12 1.462947993065849121e+12 1.179302598590580322e+12
2.306970305534625488e+12 3.436797057860001953e+12 3.931554597484320312e+12 3.436797057860001953e+12 2.630071366165105957e+12 3.226742267594409668e+12 3.538399137735887695e+12 7.076798275471774414e+12 2.494921232266509688e+14 7.076798275471774414e+12 3.538399137735887695e+12 2.358932758490591797e+12 1.769199568867943604e+12 1.716375692997590332e+12 2.237880109204250488e+12 3.164840401401634766e+12 5.004052049675355469e+12 7.076798275471770508e+12 5.004052049675355469e+12 3.164840401401634766e+12 2.565337370689480469e+12 2.056652723474815186e+12 2.380184834254941406e+12 2.527427955525632812e+12 2.380184834254941406e+12 2.056652723474815186e+12 1.724510220525230225e+12 1.449384760585143799e+12 1.282668685344739990e+12 1.461699210940649414e+12 1.647996776338516113e+12 1.800997741461305176e+12 1.487875243738999023e+12 1.265936160560653320e+12 2.197593885240735840e+12 2.758299256142598145e+12 3.574322892625255859e+12 4.860365010349564453e+12 4.646145688100174805e+12 3.328645909538675293e+12 4.290939232493974609e+12 9.813753480126396484e+12 1.251013012418840234e+13 4.860365010349564453e+12 2.908546174629646973e+12 2.067154848222318115e+12 1.601758028655614502e+12 1.598078171271721924e+12 1.532650799238738037e+12 1.924635403721291260e+12 2.546995431777891113e+12 3.574322892625255859e+12 4.860365010349564453e+12 4.646145688100174805e+12 3.328645909538675293e+12 2.453438370031597168e+12 2.860626154995983398e+12 2.908546174629645996e+12 2.546995431777890625e+12 2.085021687364732178e+12 1.700446107608213623e+12 1.411974971919277344e+12 1.286690595540322754e+12 1.163418469851858643e+12 1.309620276343337158e+12 1.462947993065849121e+12 1.598485792288750488e+12 1.246928219851353760e+12
2.440275267404060547e+12 3.931554597484320312e+12 3.436797057860001953e+12 2.630071366165105957e+12 2.022768152637260254e+12 2.259447801151527344e+12 2.358932758490591797e+12 3.538399137735887207e+12 7.076798275471774414e+12 2.494921232266509688e+14 7.076798275471775391e+12 3.538399137735887207e+12 2.358932758490591797e+12 2.237880109204250488e+12 3.164840401401634277e+12 5.004052049675355469e+12 7.076798275471770508e+12 5.004052049675355469e+12 3.164840401401634277e+12 2.237880109204251465e+12 1.992871392322608154e+12 1.724510220525230225e+12 2.056652723474815186e+12 2.380184834254941406e+12 2.527427955525632812e+12 2.380184834254941895e+12 2.056652723474815186e+12 1.724510220525230225e+12 1.461699210940649414e+12 1.647996776338516113e+12 1.800997741461305176e+12 1.862315335650466553e+12 1.521892102251994385e+12 1.286690595540322510e+12 2.417388241060732910e+12 3.236006064534843262e+12 4.860365010349564453e+12 4.646145688100174805e+12 3.328645909538675781e+12 2.396506292896917969e+12 2.690195048253460449e+12 4.290939232493976562e+12 9.813753480126396484e+12 1.251013012418840234e+13 4.860365010349564453e+12 2.908546174629646484e+12 2.067154848222318115e+12 2.059263242050658691e+12 1.924635403721291260e+12 2.546995431777890625e+12 3.574322892625255859e+12 4.860365010349564453e+12 4.646145688100174805e+12 3.328645909538675781e+12 2.396506292896917969e+12 2.000021442211740967e+12 2.453438370031597168e+12 2.860626154995983398e+12 2.908546174629645996e+12 2.546995431777890625e+12 2.085021687364731201e+12 1.700446107608213623e+12 1.493580529713856445e+12 1.309620276343337158e+12 1.462947993065849121e+12 1.598485792288750488e+12 1.677362058022104492e+12 1.283301216994270752e+12
2.306970305534625488e+12 3.436797057860001953e+12 2.630071366165105957e+12 2.022768152637259521e+12 1.613371133797204834e+12 1.726048359871164795e+12 1.769199568867943848e+12 2.358932758490591797e+12 3.538399137735887695e+12 7.076798275471775391e+12 2.494921232266509688e+14 7.076798275471774414e+12 3.538399137735887207e+12 3.164840401401633301e+12 5.004052049675355469e+12 7.076798275471770508e+12 5.004052049675355469e+12 3.164840401401634766e+12 2.237880109204250488e+12 1.716375692997590332e+12 1.598078171271721924e+12 1.449384760585143799e+12 1.724510220525230225e+12 2.056652723474815186e+12 2.380184834254941895e+12 2.527427955525632812e+12 2.380184834254941406e+12 2.056652723474815186e+12 1.647996776338516113e+12 1.800997741461305176e+12 1.862315335650466553e+12 1.800997741461305176e+12 1.487875243738999023e+12 1.265936160560653320e+12 2.389664982070907715e+12 3.170393453123870117e+12 4.646145688100174805e+12 3.328645909538675781e+12 2.396506292896917969e+12 1.832113625637522461e+12 1.953754083210476318e+12 2.690195048253460449e+12 4.290939232493976562e+12 9.813753480126396484e+12 1.251013012418840234e+13 4.860365010349564453e+12 2.908546174629646973e+12 2.886686227549882324e+12 2.546995431777891113e+12 3.574322892625254395e+12 4.860365010349564453e+12 4.646145688100174805e+12 3.328645909538675781e+12 2.396506292896917969e+12 1.832113625637522461e+12 1.635625580021065186e+12 2.000021442211740967e+12 2.453438370031597168e+12 2.860626154995983398e+12 2.908546174629645996e+12 2.546995431777890625e+12 2.085021687364732178e+12 1.734321856578363525e+12 1.462947993065849121e+12 1.598485792288750244e+12 1.677362058022104492e+12 1.668017349891785400e+12 1.279101921647671387e+12
2.008865801279915771e+12 2.630071366165105957e+12 2.022768152637260254e+12 1.613371133797204590e+12 1.331694082745141846e+12 1.392973369969025391e+12 1.415359655094354980e+12 1.769199568867943604e+12 2.358932758490591797e+12 3.538399137735887207e+12 7.076798275471774414e+12 2.494921232266509688e+14 7.076798275471774414e+12 5.004052049675355469e+12 7.076798275471770508e+12 5.004052049675355469e+12 3.164840401401634277e+12 2.237880109204250488e+12 1.716375692997590332e+12 1.387874326938090332e+12 1.323054966209391846e+12 1.234909813802345703e+12 1.449384760585143799e+12 1.724510220525230225e+12 2.056652723474815186e+12 2.380184834254941406e+12 2.527427955525632812e+12 2.380184834254941406e+12 1.800997741461305176e+12 1.862315335650466553e+12 1.800997741461305176e+12 1.647996776338516113e+12 1.398060820992727295e+12 1.209223359753215820e+12 2.136650567021513428e+12 2.640577989227062500e+12 3.328645909538675781e+12 2.396506292896917969e+12 1.832113625637522461e+12 1.471780014610399170e+12 1.532650799238738037e+12 1.953754083210476318e+12 2.690195048253460449e+12 4.290939232493976562e+12 9.813753480126396484e+12 1.251013012418839648e+13 4.860365010349566406e+12 4.760369668509885742e+12 3.574322892625255859e+12 4.860365010349564453e+12 4.646145688100174805e+12 3.328645909538675781e+12 2.396506292896917969e+12 1.832113625637522461e+12 1.471780014610399170e+12 1.363952632696325684e+12 1.635625580021065186e+12 2.000021442211740967e+12 2.453438370031597168e+12 2.860626154995983398e+12 2.908546174629645996e+12 2.546995431777890625e+12 1.974173201941075684e+12 1.598485792288750488e+12 1.677362058022104492e+12 1.668017349891785400e+12 1.574566950236867920e+12 1.235474258021871094e+12
1.696045233236202637e+12 2.022768152637259521e+12 1.613371133797204590e+12 1.331694082745141357e+12 1.129723900575763672e+12 1.166417179421619141e+12 1.179466379245295898e+12 1.415359655094354736e+12 1.769199568867943604e+12 2.358932758490591797e+12 3.538399137735887207e+12 7.076798275471774414e+12 2.494921232266509688e+14 7.076798275471770508e+12 5.004052049675355469e+12 3.164840401401633301e+12 2.237880109204250488e+12 1.716375692997590332e+12 1.387874326938090088e+12 1.163418469851858643e+12 1.124435102716094238e+12 1.068812547063348755e+12 1.234909813802345215e+12 1.449384760585143799e+12 1.724510220525230225e+12 2.056652723474815186e+12 2.380184834254941406e+12 2.527427955525632812e+12 1.862315335650466553e+12 1.800997741461305176e+12 1.647996776338516113e+12 1.461699210940649414e+12 1.278840832481299805e+12 1.129579977535421875e+12 1.816954390874505859e+12 2.097577359264668457e+12 2.396506292896917969e+12 1.832113625637522461e+12 1.471780014610399170e+12 1.225982637855421387e+12 1.260502501217225830e+12 1.532650799238738037e+12 1.953754083210476318e+12 2.690195048253460449e+12 4.290939232493974609e+12 9.813753480126396484e+12 1.251013012418840820e+13 1.105210208807227734e+13 4.860365010349564453e+12 4.646145688100174805e+12 3.328645909538675293e+12 2.396506292896917969e+12 1.832113625637522461e+12 1.471780014610399170e+12 1.225982637855421387e+12 1.161536422025043457e+12 1.363952632696325684e+12 1.635625580021065186e+12 2.000021442211740967e+12 2.453438370031597168e+12 2.860626154995983398e+12 2.908546174629645996e+12 2.128902035363248779e+12 1.677362058022104492e+12 1.668017349891785400e+12 1.574566950236867920e+12 1.432655934232003418e+12 1.163261283001198242e+12
1.438266686972562012e+12 1.724510220525230225e+12 1.449384760585143799e+12 1.234909813802345459e+12 1.068812547063348755e+12 1.124435102716094238e+12 1.163418469851858643e+12 1.387874326938090088e+12 1.716375692997590332e+12 2.237880109204250488e+12 3.164840401401633301e+12 5.004052049675355469e+12 7.076798275471770508e+12 2.494921232266509688e+14 7.076798275471774414e+12 3.538399137735887207e+12 2.358932758490591797e+12 1.769199568867943604e+12 1.415359655094354736e+12 1.179466379245295898e+12 1.166417179421619141e+12 1.129723900575763672e+12 1.331694082745141357e+12 1.613371133797204590e+12 2.022768152637259521e+12 2.630071366165105957e+12 3.436797057860000977e+12 3.931554597484318848e+12 2.527427955525633789e+12 2.380184834254941895e+12 2.056652723474815186e+12 1.724510220525230225e+12 1.497839917510873779e+12 1.308500464016852051e+12 1.509808227711752686e+12 1.732631674075914551e+12 2.000021442211740967e+12 1.635625580021065186e+12 1.363952632696325684e+12 1.161536422025043457e+12 1.225982637855421387e+12 1.471780014610399170e+12 1.832113625637522461e+12 2.396506292896917969e+12 3.328645909538675293e+12 4.646145688100174805e+12 4.860365010349564453e+12 1.105210208807226758e+13 1.251013012418840820e+13 9.813753480126396484e+12 4.290939232493974609e+12 2.690195048253460449e+12 1.953754083210476318e+12 1.532650799238738037e+12 1.260502501217225830e+12 1.225982637855421387e+12 1.471780014610399170e+12 1.832113625637522461e+12 2.396506292896917969e+12 3.328645909538675293e+12 4.646145688100174805e+12 4.860365010349564453e+12 3.031367324992345703e+12 2.194421989598774170e+12 2.173621311720618896e+12 1.978025250876021240e+12 1.716375692997590332e+12 1.361678323806283936e+12
1.614630432389191650e+12 2.056652723474815186e+12 1.724510220525230225e+12 1.449384760585143799e+12 1.234909813802345703e+12 1.323054966209391846e+12 1.387874326938090332e+12 1.716375692997590332e+12 2.237880109204250488e+12 3.164840401401634277e+12 5.004052049675355469e+12 7.076798275471770508e+12 5.004052049675355469e+12 7.076798275471774414e+12 2.494921232266509688e+14 7.076798275471774414e+12 3.538399137735887207e+12 2.358932758490591797e+12 1.769199568867943604e+12 1.415359655094354980e+12 1.392973369969025391e+12 1.331694082745141602e+12 1.613371133797204590e+12 2.022768152637259521e+12 2.630071366165105957e+12 3.436797057860000977e+12 3.931554597484318848e+12 3.436797057860000977e+12 2.380184834254941895e+12 2.527427955525633789e+12 2.380184834254941895e+12 2.056652723474815186e+12 1.700323398164964600e+12 1.437079998084895020e+12 1.678777354624360596e+12 2.003023427353849609e+12 2.453438370031597168e+12 2.000021442211740967e+12 1.635625580021065186e+12 1.363952632696325684e+12 1.471780014610399170e+12 1.832113625637522461e+12 2.396506292896917969e+12 3.328645909538675781e+12 4.646145688100174805e+12 4.860365010349564453e+12 3.574322892625255859e+12 4.760369668509884766e+12 4.860365010349566406e+12 1.251013012418839648e+13 9.813753480126396484e+12 4.290939232493976562e+12 2.690195048253460449e+12 1.953754083210476318e+12 1.532650799238738037e+12 1.471780014610399170e+12 1.832113625637522461e+12 2.396506292896917969e+12 3.328645909538675781e+12 4.646145688100174805e+12 4.860365010349564453e+12 3.574322892625255859e+12 2.628256897949018066e+12 2.026081452405196289e+12 2.194421989598774170e+12 2.173621311720618896e+12 1.978025250876021240e+12 1.481747398953687500e+12
1.757702250444184326e+12 2.380184834254942383e+12 2.056652723474815186e+12 1.724510220525230225e+12 1.449384760585144043e+12 1.598078171271721924e+12 1.716375692997590332e+12 2.237880109204250488e+12 3.164840401401634766e+12 5.004052049675355469e+12 7.076798275471770508e+12 5.004052049675355469e+12 3.164840401401633301e+12 3.538399137735887207e+12 7.076798275471774414e+12 2.494921232266509688e+14 7.076798275471775391e+12 3.538399137735887695e+12 2.358932758490591797e+12 1.769199568867943848e+12 1.726048359871164795e+12 1.613371133797204590e+12 2.022768152637259521e+12 2.630071366165105957e+12 3.436797057860001953e+12 3.931554597484318848e+12 3.436797057860000977e+12 2.630071366165105957e+12 2.056652723474815186e+12 2.380184834254941895e+12 2.527427955525633789e+12 2.380184834254942383e+12 1.869938833164868896e+12 1.535173089788368652e+12 1.793463365502307129e+12 2.206924404059677734e+12 2.860626154995983398e+12 2.453438370031597168e+12 2.000021442211740967e+12 1.635625580021065186e+12 1.832113625637522461e+12 2.396506292896917969e+12 3.328645909538675781e+12 4.646145688100174805e+12 4.860365010349564453e+12 3.574322892625254395e+12 2.546995431777891113e+12 2.886686227549882324e+12 2.908546174629646973e+12 4.860365010349564453e+12 1.251013012418840234e+13 9.813753480126396484e+12 4.290939232493976562e+12 2.690195048253460449e+12 1.953754083210476318e+12 1.832113625637522461e+12 2.396506292896917969e+12 3.328645909538675781e+12 4.646145688100174805e+12 4.860365010349564453e+12 3.574322892625254395e+12 2.546995431777891113e+12 2.128902035363248779e+12 1.769199568867943604e+12 2.026081452405196289e+12 2.194421989598774170e+12 2.173621311720618896e+12 1.558826644033417236e+12
1.814563660377377686e+12 2.527427955525633789e+12 2.380184834254941895e+12 2.056652723474815186e+12 1.724510220525230469e+12 1.992871392322608154e+12 2.237880109204251465e+12 3.164840401401634277e+12 5.004052049675355469e+12 7.076798275471770508e+12 5.004052049675355469e+12 3.164840401401634277e+12 2.237880109204250488e+12 2.358932758490591797e+12 3.538399137735887207e+12 7.076798275471775391e+12 2.494921232266509688e+14 7.076798275471774414e+12 3.538399137735887207e+12 2.358932758490591797e+12 2.259447801151527344e+12 2.022768152637260254e+12 2.630071366165105957e+12 3.436797057860000977e+12 3.931554597484318848e+12 3.436797057860001953e+12 2.630071366165105957e+12 2.022768152637259521e+12 1.724510220525230225e+12 2.056652723474815186e+12 2.380184834254942383e+12 2.527427955525633789e+12 1.938848842595006592e+12 1.572621838993727783e+12 1.805094248521545166e+12 2.228705582271763672e+12 2.908546174629645996e+12 2.860626154995983398e+12 2.453438370031597168e+12 2.000021442211740967e+12 2.396506292896917969e+12 3.328645909538675781e+12 4.646145688100174805e+12 4.860365010349564453e+12 3.574322892625255859e+12 2.546995431777890625e+12 1.924635403721291260e+12 2.059263242050658691e+12 2.067154848222318115e+12 2.908546174629646484e+12 4.860365010349564453e+12 1.251013012418840234e+13 9.813753480126396484e+12 4.290939232493976562e+12 2.690195048253460449e+12 2.396506292896917969e+12 3.328645909538675781e+12 4.646145688100174805e+12 4.860365010349564453e+12 3.574322892625255859e+12 2.546995431777890625e+12 1.924635403721291260e+12 1.723998420478189941e+12 1.515683662496172607e+12 1.769199568867943604e+12 2.026081452405196289e+12 2.194421989598774170e+12 1.566445587977471436e+12
1.757702250444184326e+12 2.380184834254941895e+12 2.527427955525633789e+12 2.380184834254941895e+12 2.056652723474815186e+12 2.565337370689480469e+12 3.164840401401634766e+12 5.004052049675355469e+12 7.076798275471770508e+12 5.004052049675355469e+12 3.164840401401634766e+12 2.237880109204250488e+12 1.716375692997590332e+12 1.769199568867943604e+12 2.358932758490591797e+12 3.538399137735887695e+12 7.076798275471774414e+12 2.494921232266509688e+14 7.076798275471774414e+12 3.538399137735887695e+12 3.226742267594409668e+12 2.630071366165105957e+12 3.436797057860000977e+12 3.931554597484318848e+12 3.436797057860000977e+12 2.630071366165105957e+12 2.022768152637259521e+12 1.613371133797204590e+12 1.449384760585143799e+12 1.724510220525230225e+12 2.056652723474815186e+12 2.380184834254941895e+12 1.869938833164868896e+12 1.535173089788368652e+12 1.707857646905044922e+12 2.052971425835563965e+12 2.546995431777890625e+12 2.908546174629645996e+12 2.860626154995983398e+12 2.453438370031597168e+12 3.328645909538675293e+12 4.646145688100174805e+12 4.860365010349564453e+12 3.574322892625255859e+12 2.546995431777891113e+12 1.924635403721291260e+12 1.532650799238738037e+12 1.598078171271721436e+12 1.601758028655614502e+12 2.067154848222318115e+12 2.908546174629646973e+12 4.860365010349564453e+12 1.251013012418840234e+13 9.813753480126396484e+12 4.290939232493974609e+12 3.328645909538675293e+12 4.646145688100174805e+12 4.860365010349564453e+12 3.574322892625255859e+12 2.546995431777891113e+12 1.924635403721291260e+12 1.532650799238738037e+12 1.425372430342803711e+12 1.300741392433772705e+12 1.515683662496172607e+12 1.769199568867943604e+12 2.026081452405196289e+12 1.501628619568940918e+12
1.614630432389191650e+12 2.056652723474815186e+12 2.380184834254941895e+12 2.527427955525633789e+12 2.380184834254942383e+12 3.295993552677032227e+12 5.004052049675357422e+12 7.076798275471770508e+12 5.004052049675355469e+12 3.164840401401634277e+12 2.237880109204250488e+12 1.716375692997590332e+12 1.387874326938090088e+12 1.415359655094354736e+12 1.769199568867943604e+12 2.358932758490591797e+12 3.538399137735887207e+12 7.076798275471774414e+12 2.494921232266509688e+14 7.076798275471778320e+12 5.260142732330214844e+12 3.436797057860001953e+12 3.931554597484318848e+12 3.436797057860000977e+12 2.630071366165105957e+12 2.022768152637259521e+12 1.613371133797204590e+12 1.331694082745141357e+12 1.234909813802345459e+12 1.449384760585143799e+12 1.724510220525230225e+12 2.056652723474815186e+12 1.700323398164964600e+12 1.437079998084895020e+12 1.545388232550233154e+12 1.787018991930645752e+12 2.085021687364731201e+12 2.546995431777890625e+12 2.908546174629645996e+12 2.860626154995983398e+12 4.646145688100174805e+12 4.860365010349564453e+12 3.574322892625254395e+12 2.546995431777890625e+12 1.924635403721291260e+12 1.532650799238738037e+12 1.268577551778105225e+12 1.304936274995602295e+12 1.306937541652379395e+12 1.601758028655614502e+12 2.067154848222318115e+12 2.908546174629646484e+12 4.860365010349564453e+12 1.251013012418839648e+13 9.813753480126396484e+12 4.646145688100174805e+12 4.860365010349564453e+12 3.574322892625254395e+12 2.546995431777890625e+12 1.924635403721291260e+12 1.532650799238738037e+12 1.268577551778105225e+12 1.205708168130767334e+12 1.127427711412091309e+12 1.300741392433772705e+12 1.515683662496172607e+12 1.769199568867943604e+12 1.387607504994465576e+12
1.438266686972562256e+12 1.724510220525230469e+12 2.056652723474815186e+12 2.380184834254942383e+12 2.527427955525633789e+12 3.724630671300934082e+12 7.076798275471770508e+12 5.004052049675357422e+12 3.164840401401634766e+12 2.237880109204251465e+12 1.716375692997590332e+12 1.387874326938090332e+12 1.163418469851858643e+12 1.179466379245295898e+12 1.415359655094354980e+12 1.769199568867943848e+12 2.358932758490591797e+12 3.538399137735887695e+12 7.076798275471778320e+12 2.494921232266509688e+14 7.863109194968643555e+12 3.931554597484318848e+12 3.436797057860001953e+12 2.630071366165105957e+12 2.022768152637260254e+12 1.613371133797204590e+12 1.331694082745141602e+12 1.129723900575763672e+12 1.068812547063348755e+12 1.234909813802345703e+12 1.449384760585144043e+12 1.724510220525230469e+12 1.497839917510873779e+12 1.308500464016852051e+12 1.367768603874117920e+12 1.526843083014722412e+12 1.700446107608213623e+12 2.085021687364732178e+12 2.546995431777890625e+12 2.908546174629645996e+12 4.860365010349564453e+12 3.574322892625255859e+12 2.546995431777891113e+12 1.924635403721291260e+12 1.532650799238738037e+12 1.268577551778105225e+12 1.080206931002845581e+12 1.102390619157964844e+12 1.103596369724666504e+12 1.306937541652379395e+12 1.601758028655614502e+12 2.067154848222318115e+12 2.908546174629646973e+12 4.860365010349566406e+12 1.251013012418840820e+13 4.860365010349564453e+12 3.574322892625255859e+12 2.546995431777891113e+12 1.924635403721291260e+12 1.532650799238738037e+12 1.268577551778105225e+12 1.080206931002845581e+12 1.040593113947018311e+12 9.890126254380106201e+11 1.127427711412091309e+12 1.300741392433772705e+12 1.515683662496172607e+12 1.254743578219596436e+12
1.250231861538791016e+12 1.485660471081343750e+12 1.682569064377519775e+12 1.846400539185410156e+12 1.912648182559939453e+12 2.527427955525634277e+12 3.724630671300934082e+12 3.295993552677032227e+12 2.565337370689480469e+12 1.992871392322608154e+12 1.598078171271721924e+12 1.323054966209391846e+12 1.124435102716094238e+12 1.166417179421619141e+12 1.392973369969025391e+12 1.726048359871164795e+12 2.259447801151527344e+12 3.226742267594409668e+12 5.260142732330214844e+12 7.863109194968643555e+12 2.494921232266509688e+14 7.863109194968630859e+12 5.260142732330211914e+12 3.226742267594409180e+12 2.259447801151527344e+12 1.726048359871164795e+12 1.392973369969025391e+12 1.166417179421619141e+12 1.124435102716094238e+12 1.323054966209391846e+12 1.598078171271721436e+12 1.992871392322608154e+12 1.738897049376495117e+12 1.510151951843174805e+12 1.203091800125613037e+12 1.338285639068832764e+12 1.493580529713856445e+12 1.734321856578363525e+12 1.974173201941075684e+12 2.128902035363248779e+12 3.031367324992345703e+12 2.628256897949018066e+12 2.128902035363248779e+12 1.723998420478189941e+12 1.425372430342803711e+12 1.205708168130767334e+12 1.040593113947018311e+12 1.080206931002845581e+12 1.102390619157964844e+12 1.304936274995602295e+12 1.598078171271721924e+12 2.059263242050658691e+12 2.886686227549882324e+12 4.760369668509885742e+12 1.105210208807227734e+13 1.105210208807226758e+13 4.760369668509884766e+12 2.886686227549882324e+12 2.059263242050658691e+12 1.598078171271721436e+12 1.304936274995602295e+12 1.102390619157964844e+12 1.080206931002845581e+12 1.040593113947018311e+12 1.205708168130767334e+12 1.425372430342803711e+12 1.723998420478189453e+12 1.429145951169401855e+12
1.098664517559010620e+12 1.288608962440084717e+12 1.410852128821673340e+12 1.503321740661012207e+12 1.538434407711255127e+12 1.912648182559938721e+12 2.527427955525632812e+12 2.380184834254941895e+12 2.056652723474815186e+12 1.724510220525230225e+12 1.449384760585143799e+12 1.234909813802345703e+12 1.068812547063348755e+12 1.129723900575763672e+12 1.331694082745141602e+12 1.613371133797204590e+12 2.022768152637260254e+12 2.630071366165105957e+12 3.436797057860001953e+12 3.931554597484318848e+12 7.863109194968630859e+12 2.494921232266509688e+14 7.076798275471778320e+12 3.538399137735887695e+12 2.358932758490591797e+12 1.769199568867943848e+12 1.415359655094354980e+12 1.179466379245295898e+12 1.163418469851858643e+12 1.387874326938090332e+12 1.716375692997590332e+12 2.237880109204251465e+12 2.007854847664847900e+12 1.753380910776737793e+12 1.066261823103477539e+12 1.178443868104461914e+12 1.309620276343337158e+12 1.462947993065849121e+12 1.598485792288750488e+12 1.677362058022104492e+12 2.194421989598774170e+12 2.026081452405196289e+12 1.769199568867943604e+12 1.515683662496172607e+12 1.300741392433772705e+12 1.127427711412091309e+12 9.890126254380106201e+11 1.040593113947018311e+12 1.080206931002845581e+12 1.268577551778104980e+12 1.532650799238738037e+12 1.924635403721291260e+12 2.546995431777890625e+12 3.574322892625254395e+12 4.860365010349562500e+12 1.251013012418839648e+13 4.860365010349564453e+12 2.908546174629646973e+12 2.067154848222317627e+12 1.601758028655614502e+12 1.306937541652379395e+12 1.103596369724666504e+12 1.102390619157964844e+12 1.080206931002845581e+12 1.268577551778105225e+12 1.532650799238738037e+12 1.924635403721291260e+12 1.629975733846813477e+12
1.171520478297046875e+12 1.410852128821672852e+12 1.503321740661012207e+12 1.538434407711255127e+12 1.503321740661012207e+12 1.846400539185409668e+12 2.380184834254941895e+12 2.527427955525632812e+12 2.380184834254941406e+12 2.056652723474815186e+12 1.724510220525230225e+12 1.449384760585143799e+12 1.234909813802345215e+12 1.331694082745141357e+12 1.613371133797204590e+12 2.022768152637259521e+12 2.630071366165105957e+12 3.436797057860000977e+12 3.931554597484318848e+12 3.436797057860001953e+12 5.260142732330211914e+12 7.076798275471778320e+12 2.494921232266509688e+14 7.076798275471774414e+12 3.538399137735887207e+12 2.358932758490591797e+12 1.769199568867943604e+12 1.415359655094354736e+12 1.387874326938090088e+12 1.716375692997590332e+12 2.237880109204250488e+12 3.164840401401634766e+12 2.597536824044942871e+12 2.106152651890754150e+12 1.144250461998393555e+12 1.286424832737624023e+12 1.462947993065849121e+12 1.598485792288750244e+12 1.677362058022104492e+12 1.668017349891785400e+12 2.173621311720618896e+12 2.194421989598774170e+12 2.026081452405196289e+12 1.769199568867943604e+12 1.515683662496172607e+12 1.300741392433772705e+12 1.127427711412091309e+12 1.205708168130767334e+12 1.268577551778104980e+12 1.532650799238738037e+12 1.924635403721291260e+12 2.546995431777890625e+12 3.574322892625253906e+12 4.860365010349562500e+12 4.646145688100172852e+12 9.813753480126388672e+12 1.251013012418838477e+13 4.860365010349563477e+12 2.908546174629646484e+12 2.067154848222317627e+12 1.601758028655614502e+12 1.306937541652379395e+12 1.304936274995602295e+12 1.268577551778105225e+12 1.532650799238738037e+12 1.924635403721291260e+12 2.546995431777890625e+12 1.958987028715576660e+12
