109 109
8.703444e-11 6.985014e-11 0.000000e+00 0.000000e+00 0.000000e+00 0.000000e+00 0.000000e+00 1.308054e-11 1.211071e-11 1.104212e-11 0.000000e+00 0.000000e+00 0.000000e+00 0.000000e+00 0.000000e+00 0.000000e+00 0.000000e+00 0.000000e+00 0.000000e+00 0.000000e+00 8.405163e-12 7.734318e-12 0.000000e+00 0.000000e+00 0.000000e+00 0.000000e+00 0.000000e+00 0.000000e+00 0.000000e+00 0.000000e+00 0.000000e+00 0.000000e+00 8.483471e-12 7.719462e-12 7.057368e-12 0.000000e+00 0.000000e+00 0.000000e+00 0.000000e+00 0.000000e+00 0.000000e+00 0.000000e+00 0.000000e+00 0.000000e+00 0.000000e+00 5.440753e-12 5.087280e-12 0.000000e+00 0.000000e+00 0.000000e+00 0.000000e+00 0.000000e+00 5.900384e-12 5.440790e-12 5.047619e-12 1.270586e-10 5.576622e-11 0.000000e+00 0.000000e+00 0.000000e+00 0.000000e+00 0.000000e+00 1.168355e-11 1.069660e-11 0.000000e+00 0.000000e+00 0.000000e+00 0.000000e+00 0.000000e+00 0.000000e+00 0.000000e+00 0.000000e+00 0.000000e+00 0.000000e+00 9.896013e-12 9.075439e-12 8.309929e-12 0.000000e+00 0.000000e+00 0.000000e+00 0.000000e+00 0.000000e+00 0.000000e+00 0.000000e+00 0.000000e+00 0.000000e+00 0.000000e+00 6.980042e-12 6.423629e-12 0.000000e+00 0.000000e+00 0.000000e+00 0.000000e+00 0.000000e+00 0.000000e+00 0.000000e+00 0.000000e+00 0.000000e+00 0.000000e+00 6.633566e-12 6.135077e-12 5.696091e-12 0.000000e+00 0.000000e+00 0.000000e+00 0.000000e+00 0.000000e+00 6.340099e-12 5.813206e-12
6.985014e-11 8.703444e-11 0.000000e+00 0.000000e+00 0.000000e+00 0.000000e+00 0.000000e+00 1.372029e-11 1.300789e-11 1.202318e-11 0.000000e+00 0.000000e+00 0.000000e+00 0.000000e+00 0.000000e+00 0.000000e+00 0.000000e+00 0.000000e+00 0.000000e+00 0.000000e+00 9.201767e-12 8.475405e-12 0.000000e+00 0.000000e+00 0.000000e+00 0.000000e+00 0.000000e+00 0.000000e+00 0.000000e+00 0.000000e+00 0.000000e+00 0.000000e+00 9.281181e-12 8.415641e-12 7.660562e-12 0.000000e+00 0.000000e+00 0.000000e+00 0.000000e+00 0.000000e+00 0.000000e+00 0.000000e+00 0.000000e+00 0.000000e+00 0.000000e+00 5.881140e-12 5.478442e-12 0.000000e+00 0.000000e+00 0.000000e+00 0.000000e+00 0.000000e+00 6.427347e-12 5.885762e-12 5.428354e-12 8.701108e-11 1.047752e-10 0.000000e+00 0.000000e+00 0.000000e+00 0.000000e+00 0.000000e+00 1.265565e-11 1.177951e-11 0.000000e+00 0.000000e+00 0.000000e+00 0.000000e+00 0.000000e+00 0.000000e+00 0.000000e+00 0.000000e+00 0.000000e+00 0.000000e+00 1.065872e-11 9.826406e-12 9.009146e-12 0.000000e+00 0.000000e+00 0.000000e+00 0.000000e+00 0.000000e+00 0.000000e+00 0.000000e+00 0.000000e+00 0.000000e+00 0.000000e+00 7.688267e-12 7.040054e-12 0.000000e+00 0.000000e+00 0.000000e+00 0.000000e+00 0.000000e+00 0.000000e+00 0.000000e+00 0.000000e+00 0.000000e+00 0.000000e+00 7.149703e-12 6.589552e-12 6.096335e-12 0.000000e+00 0.000000e+00 0.000000e+00 0.000000e+00 0.000000e+00 6.866581e-12 6.252917e-12
0.000000e+00 0.000000e+00 4.146593e-10 7.620015e-11 3.810008e-11 2.540005e-11 1.905004e-11 0.000000e+00 0.000000e+00 0.000000e+00 -1.524003e-11 -1.796055e-11 -2.113412e-11 -2.409660e-11 -2.540005e-11 -2.409660e-11 -2.113412e-11 -1.796055e-11 -1.524003e-11 -1.306822e-11 0.000000e+00 0.000000e+00 1.114130e-11 1.239760e-11 1.373527e-11 1.500836e-11 1.596615e-11 1.632860e-11 1.596615e-11 1.500836e-11 1.373527e-11 1.239760e-11 0.000000e+00 0.000000e+00 0.000000e+00 -8.811900e-12 -9.255762e-12 -9.617294e-12 -9.855666e-12 -9.939150e-12 -9.855666e-12 -9.617294e-12 -9.255762e-12 -8.811900e-12 -8.325138e-12 0.000000e+00 0.000000e+00 7.196669e-12 7.504178e-12 7.772649e-12 7.983074e-12 8.117840e-12 0.000000e+00 0.000000e+00 0.000000e+00 0.000000e+00 0.000000e+00 8.082247e-11 1.022332e-10 5.111662e-11 3.140069e-11 2.241612e-11 0.000000e+00 0.000000e+00 -1.872768e-11 -2.309213e-11 -2.835440e-11 -3.232899e-11 -3.140069e-11 -2.657426e-11 -2.150492e-11 -1.753285e-11 -1.460475e-11 -1.243423e-11 0.000000e+00 0.000000e+00 0.000000e+00 9.792168e-12 1.075246e-11 1.177352e-11 1.277915e-11 1.363716e-11 1.417720e-11 1.425970e-11 1.386094e-11 1.308962e-11 1.211580e-11 0.000000e+00 0.000000e+00 -9.828301e-12 -1.032712e-11 -1.069348e-11 -1.087341e-11 -1.083670e-11 -1.058971e-11 -1.017259e-11 -9.642928e-12 -9.057480e-12 -8.460883e-12 0.000000e+00 0.000000e+00 0.000000e+00 6.629582e-12 6.905129e-12 7.154252e-12 7.362725e-12 7.516337e-12 0.000000e+00 0.000000e+00
0.000000e+00 0.000000e+00 7.620015e-11 4.146593e-10 7.620015e-11 3.810008e-11 2.540005e-11 0.000000e+00 0.000000e+00 0.000000e+00 -1.796055e-11 -2.113412e-11 -2.409660e-11 -2.540005e-11 -2.409660e-11 -2.113412e-11 -1.796055e-11 -1.524003e-11 -1.306822e-11 -1.135925e-11 0.000000e+00 0.000000e+00 1.002479e-11 1.114130e-11 1.239760e-11 1.373527e-11 1.500836e-11 1.596615e-11 1.632860e-11 1.596615e-11 1.500836e-11 1.373527e-11 0.000000e+00 0.000000e+00 0.000000e+00 -9.255762e-12 -9.617294e-12 -9.855666e-12 -9.939150e-12 -9.855666e-12 -9.617294e-12 -9.255762e-12 -8.811900e-12 -8.325138e-12 -7.827131e-12 0.000000e+00 0.000000e+00 6.867635e-12 7.196669e-12 7.504178e-12 7.772649e-12 7.983074e-12 0.000000e+00 0.000000e+00 0.000000e+00 0.000000e+00 0.000000e+00 4.245004e-11 8.082247e-11 1.022332e-10 5.111662e-11 3.140069e-11 0.000000e+00 0.000000e+00 -2.309213e-11 -2.835440e-11 -3.232899e-11 -3.140069e-11 -2.657426e-11 -2.150492e-11 -1.753285e-11 -1.460475e-11 -1.243423e-11 -1.078832e-11 0.000000e+00 0.000000e+00 0.000000e+00 8.925348e-12 9.792168e-12 1.075246e-11 1.177352e-11 1.277915e-11 1.363716e-11 1.417720e-11 1.425970e-11 1.386094e-11 1.308962e-11 0.000000e+00 0.000000e+00 -1.032712e-11 -1.069348e-11 -1.087341e-11 -1.083670e-11 -1.058971e-11 -1.017259e-11 -9.642928e-12 -9.057480e-12 -8.460883e-12 -7.882774e-12 0.000000e+00 0.000000e+00 0.000000e+00 6.340236e-12 6.629582e-12 6.905129e-12 7.154252e-12 7.362725e-12 0.000000e+00 0.000000e+00
0.000000e+00 0.000000e+00 3.810008e-11 7.620015e-11 4.146593e-10 7.620015e-11 3.810008e-11 0.000000e+00 0.000000e+00 0.000000e+00 -2.113412e-11 -2.409660e-11 -2.540005e-11 -2.409660e-11 -2.113412e-11 -1.796055e-11 -1.524003e-11 -1.306822e-11 -1.135925e-11 -1.000557e-11 0.000000e+00 0.000000e+00 9.057480e-12 1.002479e-11 1.114130e-11 1.239760e-11 1.373527e-11 1.500836e-11 1.596615e-11 1.632860e-11 1.596615e-11 1.500836e-11 0.000000e+00 0.000000e+00 0.000000e+00 -9.617294e-12 -9.855666e-12 -9.939150e-12 -9.855666e-12 -9.617294e-12 -9.255762e-12 -8.811900e-12 -8.325138e-12 -7.827131e-12 -7.339918e-12 0.000000e+00 0.000000e+00 6.531442e-12 6.867635e-12 7.196669e-12 7.504178e-12 7.772649e-12 0.000000e+00 0.000000e+00 0.000000e+00 0.000000e+00 0.000000e+00 2.772188e-11 4.245004e-11 8.082247e-11 1.022332e-10 5.111662e-11 0.000000e+00 0.000000e+00 -2.835440e-11 -3.232899e-11 -3.140069e-11 -2.657426e-11 -2.150492e-11 -1.753285e-11 -1.460475e-11 -1.243423e-11 -1.078832e-11 -9.508525e-12 0.000000e+00 0.000000e+00 0.000000e+00 8.159100e-12 8.925348e-12 9.792168e-12 1.075246e-11 1.177352e-11 1.277915e-11 1.363716e-11 1.417720e-11 1.425970e-11 1.386094e-11 0.000000e+00 0.000000e+00 -1.069348e-11 -1.087341e-11 -1.083670e-11 -1.058971e-11 -1.017259e-11 -9.642928e-12 -9.057480e-12 -8.460883e-12 -7.882774e-12 -7.339918e-12 0.000000e+00 0.000000e+00 0.000000e+00 6.047293e-12 6.340236e-12 6.629582e-12 6.905129e-12 7.154252e-12 0.000000e+00 0.000000e+00
0.000000e+00 0.000000e+00 2.540005e-11 3.810008e-11 7.620015e-11 4.146593e-10 7.620015e-11 0.000000e+00 0.000000e+00 0.000000e+00 -2.409660e-11 -2.540005e-11 -2.409660e-11 -2.113412e-11 -1.796055e-11 -1.524003e-11 -1.306822e-11 -1.135925e-11 -1.000557e-11 -8.918553e-12 0.000000e+00 0.000000e+00 8.227510e-12 9.057480e-12 1.002479e-11 1.114130e-11 1.239760e-11 1.373527e-11 1.500836e-11 1.596615e-11 1.632860e-11 1.596615e-11 0.000000e+00 0.000000e+00 0.000000e+00 -9.855666e-12 -9.939150e-12 -9.855666e-12 -9.617294e-12 -9.255762e-12 -8.811900e-12 -8.325138e-12 -7.827131e-12 -7.339918e-12 -6.876951e-12 0.000000e+00 0.000000e+00 6.198800e-12 6.531442e-12 6.867635e-12 7.196669e-12 7.504178e-12 0.000000e+00 0.000000e+00 0.000000e+00 0.000000e+00 0.000000e+00 2.044665e-11 2.772188e-11 4.245004e-11 8.082247e-11 1.022332e-10 0.000000e+00 0.000000e+00 -3.232899e-11 -3.140069e-11 -2.657426e-11 -2.150492e-11 -1.753285e-11 -1.460475e-11 -1.243423e-11 -1.078832e-11 -9.508525e-12 -8.490008e-12 0.000000e+00 0.000000e+00 0.000000e+00 7.488057e-12 8.159100e-12 8.925348e-12 9.792168e-12 1.075246e-11 1.177352e-11 1.277915e-11 1.363716e-11 1.417720e-11 1.425970e-11 0.000000e+00 0.000000e+00 -1.087341e-11 -1.083670e-11 -1.058971e-11 -1.017259e-11 -9.642928e-12 -9.057480e-12 -8.460883e-12 -7.882774e-12 -7.339918e-12 -6.839912e-12 0.000000e+00 0.000000e+00 0.000000e+00 5.758362e-12 6.047293e-12 6.340236e-12 6.629582e-12 6.905129e-12 0.000000e+00 0.000000e+00
0.000000e+00 0.000000e+00 1.905004e-11 2.540005e-11 3.810008e-11 7.620015e-11 4.146593e-10 0.000000e+00 0.000000e+00 0.000000e+00 -2.540005e-11 -2.409660e-11 -2.113412e-11 -1.796055e-11 -1.524003e-11 -1.306822e-11 -1.135925e-11 -1.000557e-11 -8.918553e-12 -8.032201e-12 0.000000e+00 0.000000e+00 7.516337e-12 8.227510e-12 9.057480e-12 1.002479e-11 1.114130e-11 1.239760e-11 1.373527e-11 1.500836e-11 1.596615e-11 1.632860e-11 0.000000e+00 0.000000e+00 0.000000e+00 -9.939150e-12 -9.855666e-12 -9.617294e-12 -9.255762e-12 -8.811900e-12 -8.325138e-12 -7.827131e-12 -7.339918e-12 -6.876951e-12 -6.445206e-12 0.000000e+00 0.000000e+00 5.877026e-12 6.198800e-12 6.531442e-12 6.867635e-12 7.196669e-12 0.000000e+00 0.000000e+00 0.000000e+00 0.000000e+00 0.000000e+00 1.616449e-11 2.044665e-11 2.772188e-11 4.245004e-11 8.082247e-11 0.000000e+00 0.000000e+00 -3.140069e-11 -2.657426e-11 -2.150492e-11 -1.753285e-11 -1.460475e-11 -1.243423e-11 -1.078832e-11 -9.508525e-12 -8.490008e-12 -7.662705e-12 0.000000e+00 0.000000e+00 0.000000e+00 6.901981e-12 7.488057e-12 8.159100e-12 8.925348e-12 9.792168e-12 1.075246e-11 1.177352e-11 1.277915e-11 1.363716e-11 1.417720e-11 0.000000e+00 0.000000e+00 -1.083670e-11 -1.058971e-11 -1.017259e-11 -9.642928e-12 -9.057480e-12 -8.460883e-12 -7.882774e-12 -7.339918e-12 -6.839912e-12 -6.384591e-12 0.000000e+00 0.000000e+00 0.000000e+00 5.478702e-12 5.758362e-12 6.047293e-12 6.340236e-12 6.629582e-12 0.000000e+00 0.000000e+00
1.308054e-11 1.372029e-11 0.000000e+00 0.000000e+00 0.000000e+00 0.000000e+00 0.000000e+00 8.977348e-11 7.620015e-11 3.810008e-11 0.000000e+00 0.000000e+00 0.000000e+00 0.000000e+00 0.000000e+00 0.000000e+00 0.000000e+00 0.000000e+00 0.000000e+00 0.000000e+00 6.096012e-12 5.945702e-12 0.000000e+00 0.000000e+00 0.000000e+00 0.000000e+00 0.000000e+00 0.000000e+00 0.000000e+00 0.000000e+00 0.000000e+00 0.000000e+00 1.632860e-11 1.344709e-11 1.143002e-11 0.000000e+00 0.000000e+00 0.000000e+00 0.000000e+00 0.000000e+00 0.000000e+00 0.000000e+00 0.000000e+00 0.000000e+00 0.000000e+00 5.059700e-12 4.858246e-12 0.000000e+00 0.000000e+00 0.000000e+00 0.000000e+00 0.000000e+00 6.812603e-12 6.310390e-12 5.869894e-12 1.609344e-11 1.675414e-11 0.000000e+00 0.000000e+00 0.000000e+00 0.000000e+00 0.000000e+00 7.168307e-11 4.055725e-11 0.000000e+00 0.000000e+00 0.000000e+00 0.000000e+00 0.000000e+00 0.000000e+00 0.000000e+00 0.000000e+00 0.000000e+00 0.000000e+00 6.978743e-12 6.818580e-12 6.618459e-12 0.000000e+00 0.000000e+00 0.000000e+00 0.000000e+00 0.000000e+00 0.000000e+00 0.000000e+00 0.000000e+00 0.000000e+00 0.000000e+00 1.199891e-11 1.037625e-11 0.000000e+00 0.000000e+00 0.000000e+00 0.000000e+00 0.000000e+00 0.000000e+00 0.000000e+00 0.000000e+00 0.000000e+00 0.000000e+00 5.972529e-12 5.715011e-12 5.459918e-12 0.000000e+00 0.000000e+00 0.000000e+00 0.000000e+00 0.000000e+00 7.159456e-12 6.611915e-12
1.211071e-11 1.300789e-11 0.000000e+00 0.000000e+00 0.000000e+00 0.000000e+00 0.000000e+00 7.620015e-11 8.977348e-11 7.620015e-11 0.000000e+00 0.000000e+00 0.000000e+00 0.000000e+00 0.000000e+00 0.000000e+00 0.000000e+00 0.000000e+00 0.000000e+00 0.000000e+00 6.236494e-12 6.122716e-12 0.000000e+00 0.000000e+00 0.000000e+00 0.000000e+00 0.000000e+00 0.000000e+00 0.000000e+00 0.000000e+00 0.000000e+00 0.000000e+00 2.078186e-11 1.632860e-11 1.344709e-11 0.000000e+00 0.000000e+00 0.000000e+00 0.000000e+00 0.000000e+00 0.000000e+00 0.000000e+00 0.000000e+00 0.000000e+00 0.000000e+00 5.303841e-12 5.100339e-12 0.000000e+00 0.000000e+00 0.000000e+00 0.000000e+00 0.000000e+00 7.423510e-12 6.844289e-12 6.338125e-12 1.516573e-11 1.627843e-11 0.000000e+00 0.000000e+00 0.000000e+00 0.000000e+00 0.000000e+00 8.077200e-11 8.077200e-11 0.000000e+00 0.000000e+00 0.000000e+00 0.000000e+00 0.000000e+00 0.000000e+00 0.000000e+00 0.000000e+00 0.000000e+00 0.000000e+00 7.088599e-12 6.978743e-12 6.818580e-12 0.000000e+00 0.000000e+00 0.000000e+00 0.000000e+00 0.000000e+00 0.000000e+00 0.000000e+00 0.000000e+00 0.000000e+00 0.000000e+00 1.476071e-11 1.238577e-11 0.000000e+00 0.000000e+00 0.000000e+00 0.000000e+00 0.000000e+00 0.000000e+00 0.000000e+00 0.000000e+00 0.000000e+00 0.000000e+00 6.226330e-12 5.972529e-12 5.715011e-12 0.000000e+00 0.000000e+00 0.000000e+00 0.000000e+00 0.000000e+00 7.736186e-12 7.114629e-12
1.104212e-11 1.202318e-11 0.000000e+00 0.000000e+00 0.000000e+00 0.000000e+00 0.000000e+00 3.810008e-11 7.620015e-11 8.977348e-11 0.000000e+00 0.000000e+00 0.000000e+00 0.000000e+00 0.000000e+00 0.000000e+00 0.000000e+00 0.000000e+00 0.000000e+00 0.000000e+00 6.323501e-12 6.254956e-12 0.000000e+00 0.000000e+00 0.000000e+00 0.000000e+00 0.000000e+00 0.000000e+00 0.000000e+00 0.000000e+00 0.000000e+00 0.000000e+00 2.857506e-11 2.078186e-11 1.632860e-11 0.000000e+00 0.000000e+00 0.000000e+00 0.000000e+00 0.000000e+00 0.000000e+00 0.000000e+00 0.000000e+00 0.000000e+00 0.000000e+00 5.544359e-12 5.344386e-12 0.000000e+00 0.000000e+00 0.000000e+00 0.000000e+00 0.000000e+00 8.129319e-12 7.460104e-12 6.876227e-12 1.406486e-11 1.542030e-11 0.000000e+00 0.000000e+00 0.000000e+00 0.000000e+00 0.000000e+00 4.055725e-11 7.168307e-11 0.000000e+00 0.000000e+00 0.000000e+00 0.000000e+00 0.000000e+00 0.000000e+00 0.000000e+00 0.000000e+00 0.000000e+00 0.000000e+00 7.140279e-12 7.088599e-12 6.978743e-12 0.000000e+00 0.000000e+00 0.000000e+00 0.000000e+00 0.000000e+00 0.000000e+00 0.000000e+00 0.000000e+00 0.000000e+00 0.000000e+00 1.913997e-11 1.534784e-11 0.000000e+00 0.000000e+00 0.000000e+00 0.000000e+00 0.000000e+00 0.000000e+00 0.000000e+00 0.000000e+00 0.000000e+00 0.000000e+00 6.468385e-12 6.226330e-12 5.972529e-12 0.000000e+00 0.000000e+00 0.000000e+00 0.000000e+00 0.000000e+00 8.391242e-12 7.685265e-12
0.000000e+00 0.000000e+00 -1.524003e-11 -1.796055e-11 -2.113412e-11 -2.409660e-11 -2.540005e-11 0.000000e+00 0.000000e+00 0.000000e+00 4.146593e-10 7.620015e-11 3.810008e-11 2.540005e-11 1.905004e-11 1.524003e-11 1.270003e-11 1.088574e-11 9.525019e-12 8.466684e-12 0.000000e+00 0.000000e+00 -8.325138e-12 -9.324807e-12 -1.058971e-11 -1.223670e-11 -1.445796e-11 -1.758465e-11 -2.220364e-11 -2.926929e-11 -3.920465e-11 -4.572009e-11 0.000000e+00 0.000000e+00 0.000000e+00 1.632860e-11 1.596615e-11 1.500836e-11 1.373527e-11 1.239760e-11 1.114130e-11 1.002479e-11 9.057480e-12 8.227510e-12 7.516337e-12 0.000000e+00 0.000000e+00 -6.924108e-12 -7.468051e-12 -8.072163e-12 -8.734374e-12 -9.443398e-12 0.000000e+00 0.000000e+00 0.000000e+00 0.000000e+00 0.000000e+00 -1.460475e-11 -1.753285e-11 -2.150492e-11 -2.657426e-11 -3.140069e-11 0.000000e+00 0.000000e+00 8.082247e-11 4.245004e-11 2.772188e-11 2.044665e-11 1.616449e-11 1.335498e-11 1.137330e-11 9.901785e-12 8.766427e-12 7.864095e-12 0.000000e+00 0.000000e+00 0.000000e+00 -7.662705e-12 -8.490008e-12 -9.508525e-12 -1.078832e-11 -1.243423e-11 -1.460475e-11 -1.753285e-11 -2.150492e-11 -2.657426e-11 -3.140069e-11 0.000000e+00 0.000000e+00 1.879084e-11 1.758465e-11 1.585059e-11 1.404281e-11 1.239760e-11 1.098584e-11 9.801164e-12 8.811900e-12 7.983074e-12 7.283816e-12 0.000000e+00 0.000000e+00 0.000000e+00 -6.384591e-12 -6.839912e-12 -7.339918e-12 -7.882774e-12 -8.460883e-12 0.000000e+00 0.000000e+00
0.000000e+00 0.000000e+00 -1.796055e-11 -2.113412e-11 -2.409660e-11 -2.540005e-11 -2.409660e-11 0.000000e+00 0.000000e+00 0.000000e+00 7.620015e-11 4.146593e-10 7.620015e-11 3.810008e-11 2.540005e-11 1.905004e-11 1.524003e-11 1.270003e-11 1.088574e-11 9.525019e-12 0.000000e+00 0.000000e+00 -9.324807e-12 -1.058971e-11 -1.223670e-11 -1.445796e-11 -1.758465e-11 -2.220364e-11 -2.926929e-11 -3.920465e-11 -4.572009e-11 -3.920465e-11 0.000000e+00 0.000000e+00 0.000000e+00 1.596615e-11 1.632860e-11 1.596615e-11 1.500836e-11 1.373527e-11 1.239760e-11 1.114130e-11 1.002479e-11 9.057480e-12 8.227510e-12 0.000000e+00 0.000000e+00 -7.468051e-12 -8.072163e-12 -8.734374e-12 -9.443398e-12 -1.017259e-11 0.000000e+00 0.000000e+00 0.000000e+00 0.000000e+00 0.000000e+00 -1.753285e-11 -2.150492e-11 -2.657426e-11 -3.140069e-11 -3.232899e-11 0.000000e+00 0.000000e+00 1.022332e-10 8.082247e-11 4.245004e-11 2.772188e-11 2.044665e-11 1.616449e-11 1.335498e-11 1.137330e-11 9.901785e-12 8.766427e-12 0.000000e+00 0.000000e+00 0.000000e+00 -8.490008e-12 -9.508525e-12 -1.078832e-11 -1.243423e-11 -1.460475e-11 -1.753285e-11 -2.150492e-11 -2.657426e-11 -3.140069e-11 -3.232899e-11 0.000000e+00 0.000000e+00 1.898423e-11 1.879084e-11 1.758465e-11 1.585059e-11 1.404281e-11 1.239760e-11 1.098584e-11 9.801164e-12 8.811900e-12 7.983074e-12 0.000000e+00 0.000000e+00 0.000000e+00 -6.839912e-12 -7.339918e-12 -7.882774e-12 -8.460883e-12 -9.057480e-12 0.000000e+00 0.000000e+00
0.000000e+00 0.000000e+00 -2.113412e-11 -2.409660e-11 -2.540005e-11 -2.409660e-11 -2.113412e-11 0.000000e+00 0.000000e+00 0.000000e+00 3.810008e-11 7.620015e-11 4.146593e-10 7.620015e-11 3.810008e-11 2.540005e-11 1.905004e-11 1.524003e-11 1.270003e-11 1.088574e-11 0.000000e+00 0.000000e+00 -1.058971e-11 -1.223670e-11 -1.445796e-11 -1.758465e-11 -2.220364e-11 -2.926929e-11 -3.920465e-11 -4.572009e-11 -3.920465e-11 -2.926929e-11 0.000000e+00 0.000000e+00 0.000000e+00 1.500836e-11 1.596615e-11 1.632860e-11 1.596615e-11 1.500836e-11 1.373527e-11 1.239760e-11 1.114130e-11 1.002479e-11 9.057480e-12 0.000000e+00 0.000000e+00 -8.072163e-12 -8.734374e-12 -9.443398e-12 -1.017259e-11 -1.087341e-11 0.000000e+00 0.000000e+00 0.000000e+00 0.000000e+00 0.000000e+00 -2.150492e-11 -2.657426e-11 -3.140069e-11 -3.232899e-11 -2.835440e-11 0.000000e+00 0.000000e+00 5.111662e-11 1.022332e-10 8.082247e-11 4.245004e-11 2.772188e-11 2.044665e-11 1.616449e-11 1.335498e-11 1.137330e-11 9.901785e-12 0.000000e+00 0.000000e+00 0.000000e+00 -9.508525e-12 -1.078832e-11 -1.243423e-11 -1.460475e-11 -1.753285e-11 -2.150492e-11 -2.657426e-11 -3.140069e-11 -3.232899e-11 -2.835440e-11 0.000000e+00 0.000000e+00 1.807245e-11 1.898423e-11 1.879084e-11 1.758465e-11 1.585059e-11 1.404281e-11 1.239760e-11 1.098584e-11 9.801164e-12 8.811900e-12 0.000000e+00 0.000000e+00 0.000000e+00 -7.339918e-12 -7.882774e-12 -8.460883e-12 -9.057480e-12 -9.642928e-12 0.000000e+00 0.000000e+00
0.000000e+00 0.000000e+00 -2.409660e-11 -2.540005e-11 -2.409660e-11 -2.113412e-11 -1.796055e-11 0.000000e+00 0.000000e+00 0.000000e+00 2.540005e-11 3.810008e-11 7.620015e-11 4.146593e-10 7.620015e-11 3.810008e-11 2.540005e-11 1.905004e-11 1.524003e-11 1.270003e-11 0.000000e+00 0.000000e+00 -1.223670e-11 -1.445796e-11 -1.758465e-11 -2.220364e-11 -2.926929e-11 -3.920465e-11 -4.572009e-11 -3.920465e-11 -2.926929e-11 -2.220364e-11 0.000000e+00 0.000000e+00 0.000000e+00 1.373527e-11 1.500836e-11 1.596615e-11 1.632860e-11 1.596615e-11 1.500836e-11 1.373527e-11 1.239760e-11 1.114130e-11 1.002479e-11 0.000000e+00 0.000000e+00 -8.734374e-12 -9.443398e-12 -1.017259e-11 -1.087341e-11 -1.147313e-11 0.000000e+00 0.000000e+00 0.000000e+00 0.000000e+00 0.000000e+00 -2.657426e-11 -3.140069e-11 -3.232899e-11 -2.835440e-11 -2.309213e-11 0.000000e+00 0.000000e+00 3.140069e-11 5.111662e-11 1.022332e-10 8.082247e-11 4.245004e-11 2.772188e-11 2.044665e-11 1.616449e-11 1.335498e-11 1.137330e-11 0.000000e+00 0.000000e+00 0.000000e+00 -1.078832e-11 -1.243423e-11 -1.460475e-11 -1.753285e-11 -2.150492e-11 -2.657426e-11 -3.140069e-11 -3.232899e-11 -2.835440e-11 -2.309213e-11 0.000000e+00 0.000000e+00 1.645502e-11 1.807245e-11 1.898423e-11 1.879084e-11 1.758465e-11 1.585059e-11 1.404281e-11 1.239760e-11 1.098584e-11 9.801164e-12 0.000000e+00 0.000000e+00 0.000000e+00 -7.882774e-12 -8.460883e-12 -9.057480e-12 -9.642928e-12 -1.017259e-11 0.000000e+00 0.000000e+00
0.000000e+00 0.000000e+00 -2.540005e-11 -2.409660e-11 -2.113412e-11 -1.796055e-11 -1.524003e-11 0.000000e+00 0.000000e+00 0.000000e+00 1.905004e-11 2.540005e-11 3.810008e-11 7.620015e-11 4.146593e-10 7.620015e-11 3.810008e-11 2.540005e-11 1.905004e-11 1.524003e-11 0.000000e+00 0.000000e+00 -1.445796e-11 -1.758465e-11 -2.220364e-11 -2.926929e-11 -3.920465e-11 -4.572009e-11 -3.920465e-11 -2.926929e-11 -2.220364e-11 -1.758465e-11 0.000000e+00 0.000000e+00 0.000000e+00 1.239760e-11 1.373527e-11 1.500836e-11 1.596615e-11 1.632860e-11 1.596615e-11 1.500836e-11 1.373527e-11 1.239760e-11 1.114130e-11 0.000000e+00 0.000000e+00 -9.443398e-12 -1.017259e-11 -1.087341e-11 -1.147313e-11 -1.188437e-11 0.000000e+00 0.000000e+00 0.000000e+00 0.000000e+00 0.000000e+00 -3.140069e-11 -3.232899e-11 -2.835440e-11 -2.309213e-11 -1.872768e-11 0.000000e+00 0.000000e+00 2.241612e-11 3.140069e-11 5.111662e-11 1.022332e-10 8.082247e-11 4.245004e-11 2.772188e-11 2.044665e-11 1.616449e-11 1.335498e-11 0.000000e+00 0.000000e+00 0.000000e+00 -1.243423e-11 -1.460475e-11 -1.753285e-11 -2.150492e-11 -2.657426e-11 -3.140069e-11 -3.232899e-11 -2.835440e-11 -2.309213e-11 -1.872768e-11 0.000000e+00 0.000000e+00 1.463464e-11 1.645502e-11 1.807245e-11 1.898423e-11 1.879084e-11 1.758465e-11 1.585059e-11 1.404281e-11 1.239760e-11 1.098584e-11 0.000000e+00 0.000000e+00 0.000000e+00 -8.460883e-12 -9.057480e-12 -9.642928e-12 -1.017259e-11 -1.058971e-11 0.000000e+00 0.000000e+00
0.000000e+00 0.000000e+00 -2.409660e-11 -2.113412e-11 -1.796055e-11 -1.524003e-11 -1.306822e-11 0.000000e+00 0.000000e+00 0.000000e+00 1.524003e-11 1.905004e-11 2.540005e-11 3.810008e-11 7.620015e-11 4.146593e-10 7.620015e-11 3.810008e-11 2.540005e-11 1.905004e-11 0.000000e+00 0.000000e+00 -1.758465e-11 -2.220364e-11 -2.926929e-11 -3.920465e-11 -4.572009e-11 -3.920465e-11 -2.926929e-11 -2.220364e-11 -1.758465e-11 -1.445796e-11 0.000000e+00 0.000000e+00 0.000000e+00 1.114130e-11 1.239760e-11 1.373527e-11 1.500836e-11 1.596615e-11 1.632860e-11 1.596615e-11 1.500836e-11 1.373527e-11 1.239760e-11 0.000000e+00 0.000000e+00 -1.017259e-11 -1.087341e-11 -1.147313e-11 -1.188437e-11 -1.203160e-11 0.000000e+00 0.000000e+00 0.000000e+00 0.000000e+00 0.000000e+00 -3.232899e-11 -2.835440e-11 -2.309213e-11 -1.872768e-11 -1.548278e-11 0.000000e+00 0.000000e+00 1.738017e-11 2.241612e-11 3.140069e-11 5.111662e-11 1.022332e-10 8.082247e-11 4.245004e-11 2.772188e-11 2.044665e-11 1.616449e-11 0.000000e+00 0.000000e+00 0.000000e+00 -1.460475e-11 -1.753285e-11 -2.150492e-11 -2.657426e-11 -3.140069e-11 -3.232899e-11 -2.835440e-11 -2.309213e-11 -1.872768e-11 -1.548278e-11 0.000000e+00 0.000000e+00 1.292126e-11 1.463464e-11 1.645502e-11 1.807245e-11 1.898423e-11 1.879084e-11 1.758465e-11 1.585059e-11 1.404281e-11 1.239760e-11 0.000000e+00 0.000000e+00 0.000000e+00 -9.057480e-12 -9.642928e-12 -1.017259e-11 -1.058971e-11 -1.083670e-11 0.000000e+00 0.000000e+00
0.000000e+00 0.000000e+00 -2.113412e-11 -1.796055e-11 -1.524003e-11 -1.306822e-11 -1.135925e-11 0.000000e+00 0.000000e+00 0.000000e+00 1.270003e-11 1.524003e-11 1.905004e-11 2.540005e-11 3.810008e-11 7.620015e-11 4.146593e-10 7.620015e-11 3.810008e-11 2.540005e-11 0.000000e+00 0.000000e+00 -2.220364e-11 -2.926929e-11 -3.920465e-11 -4.572009e-11 -3.920465e-11 -2.926929e-11 -2.220364e-11 -1.758465e-11 -1.445796e-11 -1.223670e-11 0.000000e+00 0.000000e+00 0.000000e+00 1.002479e-11 1.114130e-11 1.239760e-11 1.373527e-11 1.500836e-11 1.596615e-11 1.632860e-11 1.596615e-11 1.500836e-11 1.373527e-11 0.000000e+00 0.000000e+00 -1.087341e-11 -1.147313e-11 -1.188437e-11 -1.203160e-11 -1.188437e-11 0.000000e+00 0.000000e+00 0.000000e+00 0.000000e+00 0.000000e+00 -2.835440e-11 -2.309213e-11 -1.872768e-11 -1.548278e-11 -1.308962e-11 0.000000e+00 0.000000e+00 1.417720e-11 1.738017e-11 2.241612e-11 3.140069e-11 5.111662e-11 1.022332e-10 8.082247e-11 4.245004e-11 2.772188e-11 2.044665e-11 0.000000e+00 0.000000e+00 0.000000e+00 -1.753285e-11 -2.150492e-11 -2.657426e-11 -3.140069e-11 -3.232899e-11 -2.835440e-11 -2.309213e-11 -1.872768e-11 -1.548278e-11 -1.308962e-11 0.000000e+00 0.000000e+00 1.143002e-11 1.292126e-11 1.463464e-11 1.645502e-11 1.807245e-11 1.898423e-11 1.879084e-11 1.758465e-11 1.585059e-11 1.404281e-11 0.000000e+00 0.000000e+00 0.000000e+00 -9.642928e-12 -1.017259e-11 -1.058971e-11 -1.083670e-11 -1.087341e-11 0.000000e+00 0.000000e+00
0.000000e+00 0.000000e+00 -1.796055e-11 -1.524003e-11 -1.306822e-11 -1.135925e-11 -1.000557e-11 0.000000e+00 0.000000e+00 0.000000e+00 1.088574e-11 1.270003e-11 1.524003e-11 1.905004e-11 2.540005e-11 3.810008e-11 7.620015e-11 4.146593e-10 7.620015e-11 3.810008e-11 0.000000e+00 0.000000e+00 -2.926929e-11 -3.920465e-11 -4.572009e-11 -3.920465e-11 -2.926929e-11 -2.220364e-11 -1.758465e-11 -1.445796e-11 -1.223670e-11 -1.058971e-11 0.000000e+00 0.000000e+00 0.000000e+00 9.057480e-12 1.002479e-11 1.114130e-11 1.239760e-11 1.373527e-11 1.500836e-11 1.596615e-11 1.632860e-11 1.596615e-11 1.500836e-11 0.000000e+00 0.000000e+00 -1.147313e-11 -1.188437e-11 -1.203160e-11 -1.188437e-11 -1.147313e-11 0.000000e+00 0.000000e+00 0.000000e+00 0.000000e+00 0.000000e+00 -2.309213e-11 -1.872768e-11 -1.548278e-11 -1.308962e-11 -1.128977e-11 0.000000e+00 0.000000e+00 1.196549e-11 1.417720e-11 1.738017e-11 2.241612e-11 3.140069e-11 5.111662e-11 1.022332e-10 8.082247e-11 4.245004e-11 2.772188e-11 0.000000e+00 0.000000e+00 0.000000e+00 -2.150492e-11 -2.657426e-11 -3.140069e-11 -3.232899e-11 -2.835440e-11 -2.309213e-11 -1.872768e-11 -1.548278e-11 -1.308962e-11 -1.128977e-11 0.000000e+00 0.000000e+00 1.017259e-11 1.143002e-11 1.292126e-11 1.463464e-11 1.645502e-11 1.807245e-11 1.898423e-11 1.879084e-11 1.758465e-11 1.585059e-11 0.000000e+00 0.000000e+00 0.000000e+00 -1.017259e-11 -1.058971e-11 -1.083670e-11 -1.087341e-11 -1.069348e-11 0.000000e+00 0.000000e+00
0.000000e+00 0.000000e+00 -1.524003e-11 -1.306822e-11 -1.135925e-11 -1.000557e-11 -8.918553e-12 0.000000e+00 0.000000e+00 0.000000e+00 9.525019e-12 1.088574e-11 1.270003e-11 1.524003e-11 1.905004e-11 2.540005e-11 3.810008e-11 7.620015e-11 4.146593e-10 7.620015e-11 0.000000e+00 0.000000e+00 -3.920465e-11 -4.572009e-11 -3.920465e-11 -2.926929e-11 -2.220364e-11 -1.758465e-11 -1.445796e-11 -1.223670e-11 -1.058971e-11 -9.324807e-12 0.000000e+00 0.000000e+00 0.000000e+00 8.227510e-12 9.057480e-12 1.002479e-11 1.114130e-11 1.239760e-11 1.373527e-11 1.500836e-11 1.596615e-11 1.632860e-11 1.596615e-11 0.000000e+00 0.000000e+00 -1.188437e-11 -1.203160e-11 -1.188437e-11 -1.147313e-11 -1.087341e-11 0.000000e+00 0.000000e+00 0.000000e+00 0.000000e+00 0.000000e+00 -1.872768e-11 -1.548278e-11 -1.308962e-11 -1.128977e-11 -9.901785e-12 0.000000e+00 0.000000e+00 1.034826e-11 1.196549e-11 1.417720e-11 1.738017e-11 2.241612e-11 3.140069e-11 5.111662e-11 1.022332e-10 8.082247e-11 4.245004e-11 0.000000e+00 0.000000e+00 0.000000e+00 -2.657426e-11 -3.140069e-11 -3.232899e-11 -2.835440e-11 -2.309213e-11 -1.872768e-11 -1.548278e-11 -1.308962e-11 -1.128977e-11 -9.901785e-12 0.000000e+00 0.000000e+00 9.122151e-12 1.017259e-11 1.143002e-11 1.292126e-11 1.463464e-11 1.645502e-11 1.807245e-11 1.898423e-11 1.879084e-11 1.758465e-11 0.000000e+00 0.000000e+00 0.000000e+00 -1.058971e-11 -1.083670e-11 -1.087341e-11 -1.069348e-11 -1.032712e-11 0.000000e+00 0.000000e+00
0.000000e+00 0.000000e+00 -1.306822e-11 -1.135925e-11 -1.000557e-11 -8.918553e-12 -8.032201e-12 0.000000e+00 0.000000e+00 0.000000e+00 8.466684e-12 9.525019e-12 1.088574e-11 1.270003e-11 1.524003e-11 1.905004e-11 2.540005e-11 3.810008e-11 7.620015e-11 4.146593e-10 0.000000e+00 0.000000e+00 -4.572009e-11 -3.920465e-11 -2.926929e-11 -2.220364e-11 -1.758465e-11 -1.445796e-11 -1.223670e-11 -1.058971e-11 -9.324807e-12 -8.325138e-12 0.000000e+00 0.000000e+00 0.000000e+00 7.516337e-12 8.227510e-12 9.057480e-12 1.002479e-11 1.114130e-11 1.239760e-11 1.373527e-11 1.500836e-11 1.596615e-11 1.632860e-11 0.000000e+00 0.000000e+00 -1.203160e-11 -1.188437e-11 -1.147313e-11 -1.087341e-11 -1.017259e-11 0.000000e+00 0.000000e+00 0.000000e+00 0.000000e+00 0.000000e+00 -1.548278e-11 -1.308962e-11 -1.128977e-11 -9.901785e-12 -8.805361e-12 0.000000e+00 0.000000e+00 9.114897e-12 1.034826e-11 1.196549e-11 1.417720e-11 1.738017e-11 2.241612e-11 3.140069e-11 5.111662e-11 1.022332e-10 8.082247e-11 0.000000e+00 0.000000e+00 0.000000e+00 -3.140069e-11 -3.232899e-11 -2.835440e-11 -2.309213e-11 -1.872768e-11 -1.548278e-11 -1.308962e-11 -1.128977e-11 -9.901785e-12 -8.805361e-12 0.000000e+00 0.000000e+00 8.243543e-12 9.122151e-12 1.017259e-11 1.143002e-11 1.292126e-11 1.463464e-11 1.645502e-11 1.807245e-11 1.898423e-11 1.879084e-11 0.000000e+00 0.000000e+00 0.000000e+00 -1.083670e-11 -1.087341e-11 -1.069348e-11 -1.032712e-11 -9.828301e-12 0.000000e+00 0.000000e+00
8.405163e-12 9.201767e-12 0.000000e+00 0.000000e+00 0.000000e+00 0.000000e+00 0.000000e+00 6.096012e-12 6.236494e-12 6.323501e-12 0.000000e+00 0.000000e+00 0.000000e+00 0.000000e+00 0.000000e+00 0.000000e+00 0.000000e+00 0.000000e+00 0.000000e+00 0.000000e+00 8.461121e-11 6.350013e-11 0.000000e+00 0.000000e+00 0.000000e+00 0.000000e+00 0.000000e+00 0.000000e+00 0.000000e+00 0.000000e+00 0.000000e+00 0.000000e+00 6.254956e-12 6.122716e-12 5.945702e-12 0.000000e+00 0.000000e+00 0.000000e+00 0.000000e+00 0.000000e+00 0.000000e+00 0.000000e+00 0.000000e+00 0.000000e+00 0.000000e+00 1.133931e-11 9.621231e-12 0.000000e+00 0.000000e+00 0.000000e+00 0.000000e+00 0.000000e+00 7.392290e-12 6.756926e-12 6.201475e-12 1.252398e-11 1.445135e-11 0.000000e+00 0.000000e+00 0.000000e+00 0.000000e+00 0.000000e+00 5.500372e-12 5.597822e-12 0.000000e+00 0.000000e+00 0.000000e+00 0.000000e+00 0.000000e+00 0.000000e+00 0.000000e+00 0.000000e+00 0.000000e+00 0.000000e+00 7.168307e-11 8.077200e-11 4.055725e-11 0.000000e+00 0.000000e+00 0.000000e+00 0.000000e+00 0.000000e+00 0.000000e+00 0.000000e+00 0.000000e+00 0.000000e+00 0.000000e+00 5.500372e-12 5.369042e-12 0.000000e+00 0.000000e+00 0.000000e+00 0.000000e+00 0.000000e+00 0.000000e+00 0.000000e+00 0.000000e+00 0.000000e+00 0.000000e+00 1.534784e-11 1.238577e-11 1.037625e-11 0.000000e+00 0.000000e+00 0.000000e+00 0.000000e+00 0.000000e+00 8.249141e-12 7.411356e-12
7.734318e-12 8.475405e-12 0.000000e+00 0.000000e+00 0.000000e+00 0.000000e+00 0.000000e+00 5.945702e-12 6.122716e-12 6.254956e-12 0.000000e+00 0.000000e+00 0.000000e+00 0.000000e+00 0.000000e+00 0.000000e+00 0.000000e+00 0.000000e+00 0.000000e+00 0.000000e+00 6.350013e-11 8.461121e-11 0.000000e+00 0.000000e+00 0.000000e+00 0.000000e+00 0.000000e+00 0.000000e+00 0.000000e+00 0.000000e+00 0.000000e+00 0.000000e+00 6.323501e-12 6.236494e-12 6.096012e-12 0.000000e+00 0.000000e+00 0.000000e+00 0.000000e+00 0.000000e+00 0.000000e+00 0.000000e+00 0.000000e+00 0.000000e+00 0.000000e+00 1.380438e-11 1.133931e-11 0.000000e+00 0.000000e+00 0.000000e+00 0.000000e+00 0.000000e+00 8.023876e-12 7.313157e-12 6.687590e-12 1.138925e-11 1.314046e-11 0.000000e+00 0.000000e+00 0.000000e+00 0.000000e+00 0.000000e+00 5.369042e-12 5.500372e-12 0.000000e+00 0.000000e+00 0.000000e+00 0.000000e+00 0.000000e+00 0.000000e+00 0.000000e+00 0.000000e+00 0.000000e+00 0.000000e+00 4.055725e-11 8.077200e-11 7.168307e-11 0.000000e+00 0.000000e+00 0.000000e+00 0.000000e+00 0.000000e+00 0.000000e+00 0.000000e+00 0.000000e+00 0.000000e+00 0.000000e+00 5.597822e-12 5.500372e-12 0.000000e+00 0.000000e+00 0.000000e+00 0.000000e+00 0.000000e+00 0.000000e+00 0.000000e+00 0.000000e+00 0.000000e+00 0.000000e+00 1.913997e-11 1.476071e-11 1.199891e-11 0.000000e+00 0.000000e+00 0.000000e+00 0.000000e+00 0.000000e+00 9.004684e-12 8.042201e-12
0.000000e+00 0.000000e+00 1.114130e-11 1.002479e-11 9.057480e-12 8.227510e-12 7.516337e-12 0.000000e+00 0.000000e+00 0.000000e+00 -8.325138e-12 -9.324807e-12 -1.058971e-11 -1.223670e-11 -1.445796e-11 -1.758465e-11 -2.220364e-11 -2.926929e-11 -3.920465e-11 -4.572009e-11 0.000000e+00 0.000000e+00 4.146593e-10 7.620015e-11 3.810008e-11 2.540005e-11 1.905004e-11 1.524003e-11 1.270003e-11 1.088574e-11 9.525019e-12 8.466684e-12 0.000000e+00 0.000000e+00 0.000000e+00 -8.032201e-12 -8.918553e-12 -1.000557e-11 -1.135925e-11 -1.306822e-11 -1.524003e-11 -1.796055e-11 -2.113412e-11 -2.409660e-11 -2.540005e-11 0.000000e+00 0.000000e+00 1.632860e-11 1.596615e-11 1.500836e-11 1.373527e-11 1.239760e-11 0.000000e+00 0.000000e+00 0.000000e+00 0.000000e+00 0.000000e+00 1.292126e-11 1.143002e-11 1.017259e-11 9.122151e-12 8.243543e-12 0.000000e+00 0.000000e+00 -8.805361e-12 -9.901785e-12 -1.128977e-11 -1.308962e-11 -1.548278e-11 -1.872768e-11 -2.309213e-11 -2.835440e-11 -3.232899e-11 -3.140069e-11 0.000000e+00 0.000000e+00 0.000000e+00 8.082247e-11 1.022332e-10 5.111662e-11 3.140069e-11 2.241612e-11 1.738017e-11 1.417720e-11 1.196549e-11 1.034826e-11 9.114897e-12 0.000000e+00 0.000000e+00 -8.805361e-12 -9.901785e-12 -1.128977e-11 -1.308962e-11 -1.548278e-11 -1.872768e-11 -2.309213e-11 -2.835440e-11 -3.232899e-11 -3.140069e-11 0.000000e+00 0.000000e+00 0.000000e+00 1.417720e-11 1.425970e-11 1.386094e-11 1.308962e-11 1.211580e-11 0.000000e+00 0.000000e+00
0.000000e+00 0.000000e+00 1.239760e-11 1.114130e-11 1.002479e-11 9.057480e-12 8.227510e-12 0.000000e+00 0.000000e+00 0.000000e+00 -9.324807e-12 -1.058971e-11 -1.223670e-11 -1.445796e-11 -1.758465e-11 -2.220364e-11 -2.926929e-11 -3.920465e-11 -4.572009e-11 -3.920465e-11 0.000000e+00 0.000000e+00 7.620015e-11 4.146593e-10 7.620015e-11 3.810008e-11 2.540005e-11 1.905004e-11 1.524003e-11 1.270003e-11 1.088574e-11 9.525019e-12 0.000000e+00 0.000000e+00 0.000000e+00 -8.918553e-12 -1.000557e-11 -1.135925e-11 -1.306822e-11 -1.524003e-11 -1.796055e-11 -2.113412e-11 -2.409660e-11 -2.540005e-11 -2.409660e-11 0.000000e+00 0.000000e+00 1.596615e-11 1.632860e-11 1.596615e-11 1.500836e-11 1.373527e-11 0.000000e+00 0.000000e+00 0.000000e+00 0.000000e+00 0.000000e+00 1.463464e-11 1.292126e-11 1.143002e-11 1.017259e-11 9.122151e-12 0.000000e+00 0.000000e+00 -9.901785e-12 -1.128977e-11 -1.308962e-11 -1.548278e-11 -1.872768e-11 -2.309213e-11 -2.835440e-11 -3.232899e-11 -3.140069e-11 -2.657426e-11 0.000000e+00 0.000000e+00 0.000000e+00 4.245004e-11 8.082247e-11 1.022332e-10 5.111662e-11 3.140069e-11 2.241612e-11 1.738017e-11 1.417720e-11 1.196549e-11 1.034826e-11 0.000000e+00 0.000000e+00 -9.901785e-12 -1.128977e-11 -1.308962e-11 -1.548278e-11 -1.872768e-11 -2.309213e-11 -2.835440e-11 -3.232899e-11 -3.140069e-11 -2.657426e-11 0.000000e+00 0.000000e+00 0.000000e+00 1.363716e-11 1.417720e-11 1.425970e-11 1.386094e-11 1.308962e-11 0.000000e+00 0.000000e+00
0.000000e+00 0.000000e+00 1.373527e-11 1.239760e-11 1.114130e-11 1.002479e-11 9.057480e-12 0.000000e+00 0.000000e+00 0.000000e+00 -1.058971e-11 -1.223670e-11 -1.445796e-11 -1.758465e-11 -2.220364e-11 -2.926929e-11 -3.920465e-11 -4.572009e-11 -3.920465e-11 -2.926929e-11 0.000000e+00 0.000000e+00 3.810008e-11 7.620015e-11 4.146593e-10 7.620015e-11 3.810008e-11 2.540005e-11 1.905004e-11 1.524003e-11 1.270003e-11 1.088574e-11 0.000000e+00 0.000000e+00 0.000000e+00 -1.000557e-11 -1.135925e-11 -1.306822e-11 -1.524003e-11 -1.796055e-11 -2.113412e-11 -2.409660e-11 -2.540005e-11 -2.409660e-11 -2.113412e-11 0.000000e+00 0.000000e+00 1.500836e-11 1.596615e-11 1.632860e-11 1.596615e-11 1.500836e-11 0.000000e+00 0.000000e+00 0.000000e+00 0.000000e+00 0.000000e+00 1.645502e-11 1.463464e-11 1.292126e-11 1.143002e-11 1.017259e-11 0.000000e+00 0.000000e+00 -1.128977e-11 -1.308962e-11 -1.548278e-11 -1.872768e-11 -2.309213e-11 -2.835440e-11 -3.232899e-11 -3.140069e-11 -2.657426e-11 -2.150492e-11 0.000000e+00 0.000000e+00 0.000000e+00 2.772188e-11 4.245004e-11 8.082247e-11 1.022332e-10 5.111662e-11 3.140069e-11 2.241612e-11 1.738017e-11 1.417720e-11 1.196549e-11 0.000000e+00 0.000000e+00 -1.128977e-11 -1.308962e-11 -1.548278e-11 -1.872768e-11 -2.309213e-11 -2.835440e-11 -3.232899e-11 -3.140069e-11 -2.657426e-11 -2.150492e-11 0.000000e+00 0.000000e+00 0.000000e+00 1.277915e-11 1.363716e-11 1.417720e-11 1.425970e-11 1.386094e-11 0.000000e+00 0.000000e+00
0.000000e+00 0.000000e+00 1.500836e-11 1.373527e-11 1.239760e-11 1.114130e-11 1.002479e-11 0.000000e+00 0.000000e+00 0.000000e+00 -1.223670e-11 -1.445796e-11 -1.758465e-11 -2.220364e-11 -2.926929e-11 -3.920465e-11 -4.572009e-11 -3.920465e-11 -2.926929e-11 -2.220364e-11 0.000000e+00 0.000000e+00 2.540005e-11 3.810008e-11 7.620015e-11 4.146593e-10 7.620015e-11 3.810008e-11 2.540005e-11 1.905004e-11 1.524003e-11 1.270003e-11 0.000000e+00 0.000000e+00 0.000000e+00 -1.135925e-11 -1.306822e-11 -1.524003e-11 -1.796055e-11 -2.113412e-11 -2.409660e-11 -2.540005e-11 -2.409660e-11 -2.113412e-11 -1.796055e-11 0.000000e+00 0.000000e+00 1.373527e-11 1.500836e-11 1.596615e-11 1.632860e-11 1.596615e-11 0.000000e+00 0.000000e+00 0.000000e+00 0.000000e+00 0.000000e+00 1.807245e-11 1.645502e-11 1.463464e-11 1.292126e-11 1.143002e-11 0.000000e+00 0.000000e+00 -1.308962e-11 -1.548278e-11 -1.872768e-11 -2.309213e-11 -2.835440e-11 -3.232899e-11 -3.140069e-11 -2.657426e-11 -2.150492e-11 -1.753285e-11 0.000000e+00 0.000000e+00 0.000000e+00 2.044665e-11 2.772188e-11 4.245004e-11 8.082247e-11 1.022332e-10 5.111662e-11 3.140069e-11 2.241612e-11 1.738017e-11 1.417720e-11 0.000000e+00 0.000000e+00 -1.308962e-11 -1.548278e-11 -1.872768e-11 -2.309213e-11 -2.835440e-11 -3.232899e-11 -3.140069e-11 -2.657426e-11 -2.150492e-11 -1.753285e-11 0.000000e+00 0.000000e+00 0.000000e+00 1.177352e-11 1.277915e-11 1.363716e-11 1.417720e-11 1.425970e-11 0.000000e+00 0.000000e+00
0.000000e+00 0.000000e+00 1.596615e-11 1.500836e-11 1.373527e-11 1.239760e-11 1.114130e-11 0.000000e+00 0.000000e+00 0.000000e+00 -1.445796e-11 -1.758465e-11 -2.220364e-11 -2.926929e-11 -3.920465e-11 -4.572009e-11 -3.920465e-11 -2.926929e-11 -2.220364e-11 -1.758465e-11 0.000000e+00 0.000000e+00 1.905004e-11 2.540005e-11 3.810008e-11 7.620015e-11 4.146593e-10 7.620015e-11 3.810008e-11 2.540005e-11 1.905004e-11 1.524003e-11 0.000000e+00 0.000000e+00 0.000000e+00 -1.306822e-11 -1.524003e-11 -1.796055e-11 -2.113412e-11 -2.409660e-11 -2.540005e-11 -2.409660e-11 -2.113412e-11 -1.796055e-11 -1.524003e-11 0.000000e+00 0.000000e+00 1.239760e-11 1.373527e-11 1.500836e-11 1.596615e-11 1.632860e-11 0.000000e+00 0.000000e+00 0.000000e+00 0.000000e+00 0.000000e+00 1.898423e-11 1.807245e-11 1.645502e-11 1.463464e-11 1.292126e-11 0.000000e+00 0.000000e+00 -1.548278e-11 -1.872768e-11 -2.309213e-11 -2.835440e-11 -3.232899e-11 -3.140069e-11 -2.657426e-11 -2.150492e-11 -1.753285e-11 -1.460475e-11 0.000000e+00 0.000000e+00 0.000000e+00 1.616449e-11 2.044665e-11 2.772188e-11 4.245004e-11 8.082247e-11 1.022332e-10 5.111662e-11 3.140069e-11 2.241612e-11 1.738017e-11 0.000000e+00 0.000000e+00 -1.548278e-11 -1.872768e-11 -2.309213e-11 -2.835440e-11 -3.232899e-11 -3.140069e-11 -2.657426e-11 -2.150492e-11 -1.753285e-11 -1.460475e-11 0.000000e+00 0.000000e+00 0.000000e+00 1.075246e-11 1.177352e-11 1.277915e-11 1.363716e-11 1.417720e-11 0.000000e+00 0.000000e+00
