111 111
1.609630e+07 8.301246e+05 4.150623e+05 3.643814e+05 2.804678e+05 2.164342e+05 1.729377e+05 1.428871e+05 1.324083e+05 1.207786e+05 1.094225e+05 1.212889e+05 1.337652e+05 1.454748e+05 1.541722e+05 1.574374e+05 1.541722e+05 1.454748e+05 1.337652e+05 1.212889e+05 1.094225e+05 1.006919e+05 9.279158e+04 9.970267e+04 1.062938e+05 1.118920e+05 1.157075e+05 1.170689e+05 1.157075e+05 1.118920e+05 1.062938e+05 9.970267e+04 9.279158e+04 8.441955e+04 7.716315e+04 7.088172e+04 7.382276e+04 7.638173e+04 7.838159e+04 7.965963e+04 8.009974e+04 7.965963e+04 7.838159e+04 7.638173e+04 7.382276e+04 7.088172e+04 6.628781e+04 6.219449e+04 6.415290e+04 6.581093e+04 6.707719e+04 6.787295e+04 6.814456e+04 6.283053e+04 5.828535e+04 5.435340e+04 1.141421e+06 5.371395e+05 2.941017e+05 3.017090e+05 2.685697e+05 2.225179e+05 1.826274e+05 1.521050e+05 1.391874e+05 1.265807e+05 1.426081e+05 1.593435e+05 1.739388e+05 1.820458e+05 1.803337e+05 1.695653e+05 1.538219e+05 1.371009e+05 1.216327e+05 1.081867e+05 9.923059e+04 9.086054e+04 8.328825e+04 8.897757e+04 9.452542e+04 9.951303e+04 1.034189e+05 1.057223e+05 1.060641e+05 1.043875e+05 1.009623e+05 9.627450e+04 9.086054e+04 8.363689e+04 7.734008e+04 8.059742e+04 8.328825e+04 8.518011e+04 8.608374e+04 8.590071e+04 8.465140e+04 8.246900e+04 7.956281e+04 7.616885e+04 7.250774e+04 6.704825e+04 6.224070e+04 5.799830e+04 5.982160e+04 6.142425e+04 6.273227e+04 6.367694e+04 6.420362e+04 5.883376e+04 5.429188e+04
8.301246e+05 1.609630e+07 8.301246e+05 5.609357e+05 3.458753e+05 2.425778e+05 1.854300e+05 1.496946e+05 1.421064e+05 1.314581e+05 1.198079e+05 1.359262e+05 1.542382e+05 1.730308e+05 1.882457e+05 1.942845e+05 1.882457e+05 1.730308e+05 1.542382e+05 1.359262e+05 1.198079e+05 1.103373e+05 1.015286e+05 1.107912e+05 1.200561e+05 1.283058e+05 1.341544e+05 1.362891e+05 1.341544e+05 1.283058e+05 1.200561e+05 1.107912e+05 1.015286e+05 9.204843e+04 8.377404e+04 7.660449e+04 8.035676e+04 8.368956e+04 8.634118e+04 8.805847e+04 8.865409e+04 8.805847e+04 8.634118e+04 8.368956e+04 8.035676e+04 7.660449e+04 7.137151e+04 6.672348e+04 6.915919e+04 7.124974e+04 7.286467e+04 7.388798e+04 7.423879e+04 6.797547e+04 6.268676e+04 5.816160e+04 6.713517e+05 1.020918e+06 4.429365e+05 4.702895e+05 3.676151e+05 2.698567e+05 2.062040e+05 1.649380e+05 1.533656e+05 1.404826e+05 1.634516e+05 1.901956e+05 2.166169e+05 2.329159e+05 2.293619e+05 2.083398e+05 1.810056e+05 1.553053e+05 1.338082e+05 1.164864e+05 1.074279e+05 9.850620e+04 9.019765e+04 9.755716e+04 1.050138e+05 1.119845e+05 1.176407e+05 1.210648e+05 1.215788e+05 1.190722e+05 1.140620e+05 1.074279e+05 1.000552e+05 9.163961e+04 8.431513e+04 8.858731e+04 9.219845e+04 9.478478e+04 9.603460e+04 9.578068e+04 9.405791e+04 9.109081e+04 8.721896e+04 8.280400e+04 7.816018e+04 7.202570e+04 6.662395e+04 6.186674e+04 6.409440e+04 6.607747e+04 6.771413e+04 6.890669e+04 6.957550e+04 6.331467e+04 5.808624e+04
4.150623e+05 8.301246e+05 1.609630e+07 7.609476e+05 3.804738e+05 2.536492e+05 1.902369e+05 1.521895e+05 1.492341e+05 1.413044e+05 1.305014e+05 1.521895e+05 1.793571e+05 2.110489e+05 2.406328e+05 2.536492e+05 2.406328e+05 2.110489e+05 1.793571e+05 1.521895e+05 1.305014e+05 1.207786e+05 1.112589e+05 1.238045e+05 1.371627e+05 1.498760e+05 1.594407e+05 1.630602e+05 1.594407e+05 1.498760e+05 1.371627e+05 1.238045e+05 1.112589e+05 1.006919e+05 9.131371e+04 8.313623e+04 8.799712e+04 9.242960e+04 9.603992e+04 9.842034e+04 9.925403e+04 9.842034e+04 9.603992e+04 9.242960e+04 8.799712e+04 8.313623e+04 7.716315e+04 7.186715e+04 7.493798e+04 7.761898e+04 7.972033e+04 8.106612e+04 8.153010e+04 7.403814e+04 6.780721e+04 6.254364e+04 3.900728e+05 8.590071e+05 8.071068e+05 1.020918e+06 5.104592e+05 3.135726e+05 2.238511e+05 1.735613e+05 1.659427e+05 1.546136e+05 1.870178e+05 2.306019e+05 2.831518e+05 3.228427e+05 3.135726e+05 2.653751e+05 2.147518e+05 1.750860e+05 1.458455e+05 1.241703e+05 1.157447e+05 1.066702e+05 9.778624e+04 1.073759e+05 1.175724e+05 1.276148e+05 1.361830e+05 1.415759e+05 1.423998e+05 1.384177e+05 1.307152e+05 1.209904e+05 1.107341e+05 1.009623e+05 9.242960e+04 9.814707e+04 1.031283e+05 1.067869e+05 1.085838e+05 1.082171e+05 1.057506e+05 1.015852e+05 9.629591e+04 9.044952e+04 8.449180e+04 7.761898e+04 7.154876e+04 6.620413e+04 6.895579e+04 7.144357e+04 7.352541e+04 7.505941e+04 7.592622e+04 6.853306e+04 6.244996e+04
3.643814e+05 5.609357e+05 7.609476e+05 1.609630e+07 7.609476e+05 3.804738e+05 2.536492e+05 1.902369e+05 1.845569e+05 1.701531e+05 1.521895e+05 1.793571e+05 2.110489e+05 2.406328e+05 2.536492e+05 2.406328e+05 2.110489e+05 1.793571e+05 1.521895e+05 1.305014e+05 1.134354e+05 1.068746e+05 1.001093e+05 1.112589e+05 1.238045e+05 1.371627e+05 1.498760e+05 1.594407e+05 1.630602e+05 1.594407e+05 1.498760e+05 1.371627e+05 1.238045e+05 1.097064e+05 9.787607e+04 8.799712e+04 9.242960e+04 9.603992e+04 9.842034e+04 9.925403e+04 9.842034e+04 9.603992e+04 9.242960e+04 8.799712e+04 8.313623e+04 7.816305e+04 7.313761e+04 6.858136e+04 7.186715e+04 7.493798e+04 7.761898e+04 7.972033e+04 8.106612e+04 7.369016e+04 6.753959e+04 6.233344e+04 3.071212e+05 4.309360e+05 4.239133e+05 8.071068e+05 1.020918e+06 5.104592e+05 3.135726e+05 2.238511e+05 2.081773e+05 1.870178e+05 2.306019e+05 2.831518e+05 3.228427e+05 3.135726e+05 2.653751e+05 2.147518e+05 1.750860e+05 1.458455e+05 1.241703e+05 1.077340e+05 1.020918e+05 9.570175e+04 8.913003e+04 9.778624e+04 1.073759e+05 1.175724e+05 1.276148e+05 1.361830e+05 1.415759e+05 1.423998e+05 1.384177e+05 1.307152e+05 1.209904e+05 1.085531e+05 9.814707e+04 1.031283e+05 1.067869e+05 1.085838e+05 1.082171e+05 1.057506e+05 1.015852e+05 9.629591e+04 9.044952e+04 8.449180e+04 7.871871e+04 7.307201e+04 6.794054e+04 6.331467e+04 6.620413e+04 6.895579e+04 7.144357e+04 7.352541e+04 7.505941e+04 6.789358e+04 6.196494e+04
2.804678e+05 3.458753e+05 3.804738e+05 7.609476e+05 1.609630e+07 7.609476e+05 3.804738e+05 2.536492e+05 2.406328e+05 2.110489e+05 1.793571e+05 2.110489e+05 2.406328e+05 2.536492e+05 2.406328e+05 2.110489e+05 1.793571e+05 1.521895e+05 1.305014e+05 1.134354e+05 9.991731e+04 9.534633e+04 9.044952e+04 1.001093e+05 1.112589e+05 1.238045e+05 1.371627e+05 1.498760e+05 1.594407e+05 1.630602e+05 1.594407e+05 1.498760e+05 1.371627e+05 1.186793e+05 1.040887e+05 9.242960e+04 9.603992e+04 9.842034e+04 9.925403e+04 9.842034e+04 9.603992e+04 9.242960e+04 8.799712e+04 8.313623e+04 7.816305e+04 7.329766e+04 6.910570e+04 6.522408e+04 6.858136e+04 7.186715e+04 7.493798e+04 7.761898e+04 7.972033e+04 7.267493e+04 6.675537e+04 6.171536e+04 2.351448e+05 2.787636e+05 2.768353e+05 4.239133e+05 8.071068e+05 1.020918e+06 5.104592e+05 3.135726e+05 2.743255e+05 2.306019e+05 2.831518e+05 3.228427e+05 3.135726e+05 2.653751e+05 2.147518e+05 1.750860e+05 1.458455e+05 1.241703e+05 1.077340e+05 9.495374e+04 9.102290e+04 8.640687e+04 8.147815e+04 8.913003e+04 9.778624e+04 1.073759e+05 1.175724e+05 1.276148e+05 1.361830e+05 1.415759e+05 1.423998e+05 1.384177e+05 1.307152e+05 1.154114e+05 1.031283e+05 1.067869e+05 1.085838e+05 1.082171e+05 1.057506e+05 1.015852e+05 9.629591e+04 9.044952e+04 8.449180e+04 7.871871e+04 7.329766e+04 6.867440e+04 6.436291e+04 6.038928e+04 6.331467e+04 6.620413e+04 6.895579e+04 7.144357e+04 7.352541e+04 6.675200e+04 6.109341e+04
2.164342e+05 2.425778e+05 2.536492e+05 3.804738e+05 7.609476e+05 1.609630e+07 7.609476e+05 3.804738e+05 3.403061e+05 2.690356e+05 2.110489e+05 2.406328e+05 2.536492e+05 2.406328e+05 2.110489e+05 1.793571e+05 1.521895e+05 1.305014e+05 1.134354e+05 9.991731e+04 8.906218e+04 8.577934e+04 8.216131e+04 9.044952e+04 1.001093e+05 1.112589e+05 1.238045e+05 1.371627e+05 1.498760e+05 1.594407e+05 1.630602e+05 1.594407e+05 1.498760e+05 1.266293e+05 1.093283e+05 9.603992e+04 9.842034e+04 9.925403e+04 9.842034e+04 9.603992e+04 9.242960e+04 8.799712e+04 8.313623e+04 7.816305e+04 7.329766e+04 6.867440e+04 6.519083e+04 6.190226e+04 6.522408e+04 6.858136e+04 7.186715e+04 7.493798e+04 7.761898e+04 7.107231e+04 6.550692e+04 6.072486e+04 1.856215e+05 2.049537e+05 2.041837e+05 2.768353e+05 4.239133e+05 8.071068e+05 1.020918e+06 5.104592e+05 3.791595e+05 2.831518e+05 3.228427e+05 3.135726e+05 2.653751e+05 2.147518e+05 1.750860e+05 1.458455e+05 1.241703e+05 1.077340e+05 9.495374e+04 8.478265e+04 8.194928e+04 7.853218e+04 7.477700e+04 8.147815e+04 8.913003e+04 9.778624e+04 1.073759e+05 1.175724e+05 1.276148e+05 1.361830e+05 1.415759e+05 1.423998e+05 1.384177e+05 1.206099e+05 1.067869e+05 1.085838e+05 1.082171e+05 1.057506e+05 1.015852e+05 9.629591e+04 9.044952e+04 8.449180e+04 7.871871e+04 7.329766e+04 6.830451e+04 6.451695e+04 6.090288e+04 5.750398e+04 6.038928e+04 6.331467e+04 6.620413e+04 6.895579e+04 7.144357e+04 6.518252e+04 5.988331e+04
1.729377e+05 1.854300e+05 1.902369e+05 2.536492e+05 3.804738e+05 7.609476e+05 1.609630e+07 7.609476e+05 5.380712e+05 3.403061e+05 2.406328e+05 2.536492e+05 2.406328e+05 2.110489e+05 1.793571e+05 1.521895e+05 1.305014e+05 1.134354e+05 9.991731e+04 8.906218e+04 8.021092e+04 7.778778e+04 7.505941e+04 8.216131e+04 9.044952e+04 1.001093e+05 1.112589e+05 1.238045e+05 1.371627e+05 1.498760e+05 1.594407e+05 1.630602e+05 1.594407e+05 1.322415e+05 1.128793e+05 9.842034e+04 9.925403e+04 9.842034e+04 9.603992e+04 9.242960e+04 8.799712e+04 8.313623e+04 7.816305e+04 7.329766e+04 6.867440e+04 6.436291e+04 6.146877e+04 5.868898e+04 6.190226e+04 6.522408e+04 6.858136e+04 7.186715e+04 7.493798e+04 6.899689e+04 6.387119e+04 5.941499e+04 1.517685e+05 1.618010e+05 1.614214e+05 2.041837e+05 2.768353e+05 4.239133e+05 8.071068e+05 1.020918e+06 4.952181e+05 3.228427e+05 3.135726e+05 2.653751e+05 2.147518e+05 1.750860e+05 1.458455e+05 1.241703e+05 1.077340e+05 9.495374e+04 8.478265e+04 7.652106e+04 7.441855e+04 7.183156e+04 6.892435e+04 7.477700e+04 8.147815e+04 8.913003e+04 9.778624e+04 1.073759e+05 1.175724e+05 1.276148e+05 1.361830e+05 1.415759e+05 1.423998e+05 1.232170e+05 1.085838e+05 1.082171e+05 1.057506e+05 1.015852e+05 9.629591e+04 9.044952e+04 8.449180e+04 7.871871e+04 7.329766e+04 6.830451e+04 6.375760e+04 6.064445e+04 5.761375e+04 5.471125e+04 5.750398e+04 6.038928e+04 6.331467e+04 6.620413e+04 6.895579e+04 6.327665e+04 5.839542e+04
1.428871e+05 1.496946e+05 1.521895e+05 1.902369e+05 2.536492e+05 3.804738e+05 7.609476e+05 1.609630e+07 7.609476e+05 3.804738e+05 2.536492e+05 2.406328e+05 2.110489e+05 1.793571e+05 1.521895e+05 1.305014e+05 1.134354e+05 9.991731e+04 8.906218e+04 8.021092e+04 7.288556e+04 7.105318e+04 6.895579e+04 7.505941e+04 8.216131e+04 9.044952e+04 1.001093e+05 1.112589e+05 1.238045e+05 1.371627e+05 1.498760e+05 1.594407e+05 1.630602e+05 1.342849e+05 1.141421e+05 9.925403e+04 9.842034e+04 9.603992e+04 9.242960e+04 8.799712e+04 8.313623e+04 7.816305e+04 7.329766e+04 6.867440e+04 6.436291e+04 6.038928e+04 5.797959e+04 5.562947e+04 5.868898e+04 6.190226e+04 6.522408e+04 6.858136e+04 7.186715e+04 6.657770e+04 6.193770e+04 5.784913e+04 1.277646e+05 1.335790e+05 1.333651e+05 1.614214e+05 2.041837e+05 2.768353e+05 4.239133e+05 8.071068e+05 4.635751e+05 3.135726e+05 2.653751e+05 2.147518e+05 1.750860e+05 1.458455e+05 1.241703e+05 1.077340e+05 9.495374e+04 8.478265e+04 7.652106e+04 6.969091e+04 6.809149e+04 6.609305e+04 6.380739e+04 6.892435e+04 7.477700e+04 8.147815e+04 8.913003e+04 9.778624e+04 1.073759e+05 1.175724e+05 1.276148e+05 1.361830e+05 1.415759e+05 1.226821e+05 1.082171e+05 1.057506e+05 1.015852e+05 9.629591e+04 9.044952e+04 8.449180e+04 7.871871e+04 7.329766e+04 6.830451e+04 6.375760e+04 5.964268e+04 5.707107e+04 5.452366e+04 5.204433e+04 5.471125e+04 5.750398e+04 6.038928e+04 6.331467e+04 6.620413e+04 6.113037e+04 5.669581e+04
1.324083e+05 1.421064e+05 1.492341e+05 1.845569e+05 2.406328e+05 3.403061e+05 5.380712e+05 7.609476e+05 1.609630e+07 7.609476e+05 3.804738e+05 3.403061e+05 2.690356e+05 2.110489e+05 1.701531e+05 1.413044e+05 1.203164e+05 1.045242e+05 9.227845e+04 8.253635e+04 7.461705e+04 7.321280e+04 7.144357e+04 7.830086e+04 8.646883e+04 9.629591e+04 1.082171e+05 1.227264e+05 1.402339e+05 1.606203e+05 1.821907e+05 2.002186e+05 2.075312e+05 1.630602e+05 1.342849e+05 1.141421e+05 1.128793e+05 1.093283e+05 1.040887e+05 9.787607e+04 9.131371e+04 8.484118e+04 7.871871e+04 7.307201e+04 6.794054e+04 6.331467e+04 6.087581e+04 5.845761e+04 6.203927e+04 6.587255e+04 6.991935e+04 7.410421e+04 7.830086e+04 7.220086e+04 6.686983e+04 6.219449e+04 1.201080e+05 1.293312e+05 1.340531e+05 1.626458e+05 2.066789e+05 2.831518e+05 4.477023e+05 1.020918e+06 9.131371e+05 5.104592e+05 3.565201e+05 2.552296e+05 1.950364e+05 1.567863e+05 1.307152e+05 1.119256e+05 9.778624e+04 8.678066e+04 7.798042e+04 7.078795e+04 6.969091e+04 6.809149e+04 6.609305e+04 7.183156e+04 7.853218e+04 8.640687e+04 9.570175e+04 1.066702e+05 1.194894e+05 1.340531e+05 1.495540e+05 1.638986e+05 1.735613e+05 1.460692e+05 1.260489e+05 1.221978e+05 1.158938e+05 1.082171e+05 1.001093e+05 9.220315e+04 8.484118e+04 7.816305e+04 7.218983e+04 6.688258e+04 6.217718e+04 5.964268e+04 5.707107e+04 5.452366e+04 5.761375e+04 6.090288e+04 6.436291e+04 6.794054e+04 7.154876e+04 6.578873e+04 6.076787e+04
1.207786e+05 1.314581e+05 1.413044e+05 1.701531e+05 2.110489e+05 2.690356e+05 3.403061e+05 3.804738e+05 7.609476e+05 1.609630e+07 7.609476e+05 5.380712e+05 3.403061e+05 2.406328e+05 1.845569e+05 1.492341e+05 1.250990e+05 1.076142e+05 9.438393e+04 8.403260e+04 7.571711e+04 7.484730e+04 7.352541e+04 8.106612e+04 9.023728e+04 1.015852e+05 1.158938e+05 1.342849e+05 1.582867e+05 1.895798e+05 2.282843e+05 2.671865e+05 2.853553e+05 2.075312e+05 1.630602e+05 1.342849e+05 1.322415e+05 1.266293e+05 1.186793e+05 1.097064e+05 1.006919e+05 9.220315e+04 8.449180e+04 7.761898e+04 7.154876e+04 6.620413e+04 6.380116e+04 6.136319e+04 6.554591e+04 7.011696e+04 7.505941e+04 8.031013e+04 8.573396e+04 7.868623e+04 7.253722e+04 6.716422e+04 1.112259e+05 1.221868e+05 1.307152e+05 1.567863e+05 1.950364e+05 2.552296e+05 3.565201e+05 5.104592e+05 9.131371e+05 1.020918e+06 4.477023e+05 2.831518e+05 2.066789e+05 1.626458e+05 1.340531e+05 1.139997e+05 9.916035e+04 8.773677e+04 7.867196e+04 7.130403e+04 7.078795e+04 6.969091e+04 6.809149e+04 7.441855e+04 8.194928e+04 9.102290e+04 1.020918e+05 1.157447e+05 1.326875e+05 1.535606e+05 1.782601e+05 2.041837e+05 2.238511e+05 1.803337e+05 1.508545e+05 1.443797e+05 1.342849e+05 1.227264e+05 1.112589e+05 1.006919e+05 9.131371e+04 8.313623e+04 7.605252e+04 6.991935e+04 6.459439e+04 6.217718e+04 5.964268e+04 5.707107e+04 6.064445e+04 6.451695e+04 6.867440e+04 7.307201e+04 7.761898e+04 7.107686e+04 6.537770e+04
1.094225e+05 1.198079e+05 1.305014e+05 1.521895e+05 1.793571e+05 2.110489e+05 2.406328e+05 2.536492e+05 3.804738e+05 7.609476e+05 1.609630e+07 7.609476e+05 3.804738e+05 2.536492e+05 1.902369e+05 1.521895e+05 1.268246e+05 1.087068e+05 9.511845e+04 8.454973e+04 7.609476e+04 7.583191e+04 7.505941e+04 8.313623e+04 9.311910e+04 1.057506e+05 1.221978e+05 1.443797e+05 1.756033e+05 2.217293e+05 2.922881e+05 3.915043e+05 4.565685e+05 2.853553e+05 2.075312e+05 1.630602e+05 1.594407e+05 1.498760e+05 1.371627e+05 1.238045e+05 1.112589e+05 1.001093e+05 9.044952e+04 8.216131e+04 7.505941e+04 6.895579e+04 6.667544e+04 6.428630e+04 6.914531e+04 7.457722e+04 8.060998e+04 8.722294e+04 9.430336e+04 8.617910e+04 7.907472e+04 7.287627e+04 1.021685e+05 1.134967e+05 1.241703e+05 1.458455e+05 1.750860e+05 2.147518e+05 2.653751e+05 3.135726e+05 4.635751e+05 8.071068e+05 4.239133e+05 2.768353e+05 2.041837e+05 1.614214e+05 1.333651e+05 1.135757e+05 9.888089e+04 8.754302e+04 7.853218e+04 7.119991e+04 7.130403e+04 7.078795e+04 6.969091e+04 7.652106e+04 8.478265e+04 9.495374e+04 1.077340e+05 1.241703e+05 1.458455e+05 1.750860e+05 2.147518e+05 2.653751e+05 3.135726e+05 2.351448e+05 1.876485e+05 1.756033e+05 1.582867e+05 1.402339e+05 1.238045e+05 1.097064e+05 9.787607e+04 8.799712e+04 7.972033e+04 7.273742e+04 6.679663e+04 6.459439e+04 6.217718e+04 5.964268e+04 6.375760e+04 6.830451e+04 7.329766e+04 7.871871e+04 8.449180e+04 7.708337e+04 7.060995e+04
1.212889e+05 1.359262e+05 1.521895e+05 1.793571e+05 2.110489e+05 2.406328e+05 2.536492e+05 2.406328e+05 3.403061e+05 5.380712e+05 7.609476e+05 1.609630e+07 7.609476e+05 3.804738e+05 2.536492e+05 1.902369e+05 1.521895e+05 1.268246e+05 1.087068e+05 9.511845e+04 8.454973e+04 8.418961e+04 8.313623e+04 9.311910e+04 1.057506e+05 1.221978e+05 1.443797e+05 1.756033e+05 2.217293e+05 2.922881e+05 3.915043e+05 4.565685e+05 3.915043e+05 2.671865e+05 2.002186e+05 1.594407e+05 1.630602e+05 1.594407e+05 1.498760e+05 1.371627e+05 1.238045e+05 1.112589e+05 1.001093e+05 9.044952e+04 8.216131e+04 7.505941e+04 7.214475e+04 6.914531e+04 7.457722e+04 8.060998e+04 8.722294e+04 9.430336e+04 1.015852e+05 9.162987e+04 8.322212e+04 7.608419e+04 1.132607e+05 1.293312e+05 1.458455e+05 1.750860e+05 2.147518e+05 2.653751e+05 3.135726e+05 3.228427e+05 4.952181e+05 1.020918e+06 8.071068e+05 4.239133e+05 2.768353e+05 2.041837e+05 1.614214e+05 1.333651e+05 1.135757e+05 9.888089e+04 8.754302e+04 7.853218e+04 7.867196e+04 7.798042e+04 7.652106e+04 8.478265e+04 9.495374e+04 1.077340e+05 1.241703e+05 1.458455e+05 1.750860e+05 2.147518e+05 2.653751e+05 3.135726e+05 3.228427e+05 2.389789e+05 1.895798e+05 1.876485e+05 1.756033e+05 1.582867e+05 1.402339e+05 1.238045e+05 1.097064e+05 9.787607e+04 8.799712e+04 7.972033e+04 7.273742e+04 6.991935e+04 6.688258e+04 6.375760e+04 6.830451e+04 7.329766e+04 7.871871e+04 8.449180e+04 9.044952e+04 8.152685e+04 7.397764e+04
1.337652e+05 1.542382e+05 1.793571e+05 2.110489e+05 2.406328e+05 2.536492e+05 2.406328e+05 2.110489e+05 2.690356e+05 3.403061e+05 3.804738e+05 7.609476e+05 1.609630e+07 7.609476e+05 3.804738e+05 2.536492e+05 1.902369e+05 1.521895e+05 1.268246e+05 1.087068e+05 9.511845e+04 9.460656e+04 9.311910e+04 1.057506e+05 1.221978e+05 1.443797e+05 1.756033e+05 2.217293e+05 2.922881e+05 3.915043e+05 4.565685e+05 3.915043e+05 2.922881e+05 2.282843e+05 1.821907e+05 1.498760e+05 1.594407e+05 1.630602e+05 1.594407e+05 1.498760e+05 1.371627e+05 1.238045e+05 1.112589e+05 1.001093e+05 9.044952e+04 8.216131e+04 7.838159e+04 7.457722e+04 8.060998e+04 8.722294e+04 9.430336e+04 1.015852e+05 1.085838e+05 9.666691e+04 8.694134e+04 7.889481e+04 1.254290e+05 1.484236e+05 1.750860e+05 2.147518e+05 2.653751e+05 3.135726e+05 3.228427e+05 2.831518e+05 3.791595e+05 5.104592e+05 1.020918e+06 8.071068e+05 4.239133e+05 2.768353e+05 2.041837e+05 1.614214e+05 1.333651e+05 1.135757e+05 9.888089e+04 8.754302e+04 8.773677e+04 8.678066e+04 8.478265e+04 9.495374e+04 1.077340e+05 1.241703e+05 1.458455e+05 1.750860e+05 2.147518e+05 2.653751e+05 3.135726e+05 3.228427e+05 2.831518e+05 2.214683e+05 1.804746e+05 1.895798e+05 1.876485e+05 1.756033e+05 1.582867e+05 1.402339e+05 1.238045e+05 1.097064e+05 9.787607e+04 8.799712e+04 7.972033e+04 7.605252e+04 7.218983e+04 6.830451e+04 7.329766e+04 7.871871e+04 8.449180e+04 9.044952e+04 9.629591e+04 8.573018e+04 7.707514e+04
1.454748e+05 1.730308e+05 2.110489e+05 2.406328e+05 2.536492e+05 2.406328e+05 2.110489e+05 1.793571e+05 2.110489e+05 2.406328e+05 2.536492e+05 3.804738e+05 7.609476e+05 1.609630e+07 7.609476e+05 3.804738e+05 2.536492e+05 1.902369e+05 1.521895e+05 1.268246e+05 1.087068e+05 1.079446e+05 1.057506e+05 1.221978e+05 1.443797e+05 1.756033e+05 2.217293e+05 2.922881e+05 3.915043e+05 4.565685e+05 3.915043e+05 2.922881e+05 2.217293e+05 1.895798e+05 1.606203e+05 1.371627e+05 1.498760e+05 1.594407e+05 1.630602e+05 1.594407e+05 1.498760e+05 1.371627e+05 1.238045e+05 1.112589e+05 1.001093e+05 9.044952e+04 8.547815e+04 8.060998e+04 8.722294e+04 9.430336e+04 1.015852e+05 1.085838e+05 1.145726e+05 1.008200e+05 8.992558e+04 8.110448e+04 1.378487e+05 1.703602e+05 2.147518e+05 2.653751e+05 3.135726e+05 3.228427e+05 2.831518e+05 2.306019e+05 2.743255e+05 3.135726e+05 5.104592e+05 1.020918e+06 8.071068e+05 4.239133e+05 2.768353e+05 2.041837e+05 1.614214e+05 1.333651e+05 1.135757e+05 9.888089e+04 9.916035e+04 9.778624e+04 9.495374e+04 1.077340e+05 1.241703e+05 1.458455e+05 1.750860e+05 2.147518e+05 2.653751e+05 3.135726e+05 3.228427e+05 2.831518e+05 2.306019e+05 1.934543e+05 1.643226e+05 1.804746e+05 1.895798e+05 1.876485e+05 1.756033e+05 1.582867e+05 1.402339e+05 1.238045e+05 1.097064e+05 9.787607e+04 8.799712e+04 8.313623e+04 7.816305e+04 7.329766e+04 7.871871e+04 8.449180e+04 9.044952e+04 9.629591e+04 1.015852e+05 8.939874e+04 7.970818e+04
1.541722e+05 1.882457e+05 2.406328e+05 2.536492e+05 2.406328e+05 2.110489e+05 1.793571e+05 1.521895e+05 1.701531e+05 1.845569e+05 1.902369e+05 2.536492e+05 3.804738e+05 7.609476e+05 1.609630e+07 7.609476e+05 3.804738e+05 2.536492e+05 1.902369e+05 1.521895e+05 1.268246e+05 1.256188e+05 1.221978e+05 1.443797e+05 1.756033e+05 2.217293e+05 2.922881e+05 3.915043e+05 4.565685e+05 3.915043e+05 2.922881e+05 2.217293e+05 1.756033e+05 1.582867e+05 1.402339e+05 1.238045e+05 1.371627e+05 1.498760e+05 1.594407e+05 1.630602e+05 1.594407e+05 1.498760e+05 1.371627e+05 1.238045e+05 1.112589e+05 1.001093e+05 9.348928e+04 8.722294e+04 9.430336e+04 1.015852e+05 1.085838e+05 1.145726e+05 1.186793e+05 1.035844e+05 9.187070e+04 8.252287e+04 1.488371e+05 1.925490e+05 2.653751e+05 3.135726e+05 3.228427e+05 2.831518e+05 2.306019e+05 1.870178e+05 2.081773e+05 2.238511e+05 3.135726e+05 5.104592e+05 1.020918e+06 8.071068e+05 4.239133e+05 2.768353e+05 2.041837e+05 1.614214e+05 1.333651e+05 1.135757e+05 1.139997e+05 1.119256e+05 1.077340e+05 1.241703e+05 1.458455e+05 1.750860e+05 2.147518e+05 2.653751e+05 3.135726e+05 3.228427e+05 2.831518e+05 2.306019e+05 1.870178e+05 1.655060e+05 1.461440e+05 1.643226e+05 1.804746e+05 1.895798e+05 1.876485e+05 1.756033e+05 1.582867e+05 1.402339e+05 1.238045e+05 1.097064e+05 9.787607e+04 9.131371e+04 8.484118e+04 7.871871e+04 8.449180e+04 9.044952e+04 9.629591e+04 1.015852e+05 1.057506e+05 9.219845e+04 8.167346e+04
1.574374e+05 1.942845e+05 2.536492e+05 2.406328e+05 2.110489e+05 1.793571e+05 1.521895e+05 1.305014e+05 1.413044e+05 1.492341e+05 1.521895e+05 1.902369e+05 2.536492e+05 3.804738e+05 7.609476e+05 1.609630e+07 7.609476e+05 3.804738e+05 2.536492e+05 1.902369e+05 1.521895e+05 1.501188e+05 1.443797e+05 1.756033e+05 2.217293e+05 2.922881e+05 3.915043e+05 4.565685e+05 3.915043e+05 2.922881e+05 2.217293e+05 1.756033e+05 1.443797e+05 1.342849e+05 1.227264e+05 1.112589e+05 1.238045e+05 1.371627e+05 1.498760e+05 1.594407e+05 1.630602e+05 1.594407e+05 1.498760e+05 1.371627e+05 1.238045e+05 1.112589e+05 1.023737e+05 9.430336e+04 1.015852e+05 1.085838e+05 1.145726e+05 1.186793e+05 1.201496e+05 1.045577e+05 9.254768e+04 8.301246e+04 1.559608e+05 2.087750e+05 3.135726e+05 3.228427e+05 2.831518e+05 2.306019e+05 1.870178e+05 1.546136e+05 1.659427e+05 1.735613e+05 2.238511e+05 3.135726e+05 5.104592e+05 1.020918e+06 8.071068e+05 4.239133e+05 2.768353e+05 2.041837e+05 1.614214e+05 1.333651e+05 1.340531e+05 1.307152e+05 1.241703e+05 1.458455e+05 1.750860e+05 2.147518e+05 2.653751e+05 3.135726e+05 3.228427e+05 2.831518e+05 2.306019e+05 1.870178e+05 1.546136e+05 1.417805e+05 1.290339e+05 1.461440e+05 1.643226e+05 1.804746e+05 1.895798e+05 1.876485e+05 1.756033e+05 1.582867e+05 1.402339e+05 1.238045e+05 1.097064e+05 1.006919e+05 9.220315e+04 8.449180e+04 9.044952e+04 9.629591e+04 1.015852e+05 1.057506e+05 1.082171e+05 9.381931e+04 8.279379e+04
1.541722e+05 1.882457e+05 2.406328e+05 2.110489e+05 1.793571e+05 1.521895e+05 1.305014e+05 1.134354e+05 1.203164e+05 1.250990e+05 1.268246e+05 1.521895e+05 1.902369e+05 2.536492e+05 3.804738e+05 7.609476e+05 1.609630e+07 7.609476e+05 3.804738e+05 2.536492e+05 1.902369e+05 1.862382e+05 1.756033e+05 2.217293e+05 2.922881e+05 3.915043e+05 4.565685e+05 3.915043e+05 2.922881e+05 2.217293e+05 1.756033e+05 1.443797e+05 1.221978e+05 1.158938e+05 1.082171e+05 1.001093e+05 1.112589e+05 1.238045e+05 1.371627e+05 1.498760e+05 1.594407e+05 1.630602e+05 1.594407e+05 1.498760e+05 1.371627e+05 1.238045e+05 1.118920e+05 1.015852e+05 1.085838e+05 1.145726e+05 1.186793e+05 1.201496e+05 1.186793e+05 1.035844e+05 9.187070e+04 8.252287e+04 1.570644e+05 2.114446e+05 3.228427e+05 2.831518e+05 2.306019e+05 1.870178e+05 1.546136e+05 1.307152e+05 1.373488e+05 1.415759e+05 1.735613e+05 2.238511e+05 3.135726e+05 5.104592e+05 1.020918e+06 8.071068e+05 4.239133e+05 2.768353e+05 2.041837e+05 1.614214e+05 1.626458e+05 1.567863e+05 1.458455e+05 1.750860e+05 2.147518e+05 2.653751e+05 3.135726e+05 3.228427e+05 2.831518e+05 2.306019e+05 1.870178e+05 1.546136e+05 1.307152e+05 1.226821e+05 1.141421e+05 1.290339e+05 1.461440e+05 1.643226e+05 1.804746e+05 1.895798e+05 1.876485e+05 1.756033e+05 1.582867e+05 1.402339e+05 1.238045e+05 1.112589e+05 1.001093e+05 9.044952e+04 9.629591e+04 1.015852e+05 1.057506e+05 1.082171e+05 1.085838e+05 9.405791e+04 8.295763e+04
1.454748e+05 1.730308e+05 2.110489e+05 1.793571e+05 1.521895e+05 1.305014e+05 1.134354e+05 9.991731e+04 1.045242e+05 1.076142e+05 1.087068e+05 1.268246e+05 1.521895e+05 1.902369e+05 2.536492e+05 3.804738e+05 7.609476e+05 1.609630e+07 7.609476e+05 3.804738e+05 2.536492e+05 2.443955e+05 2.217293e+05 2.922881e+05 3.915043e+05 4.565685e+05 3.915043e+05 2.922881e+05 2.217293e+05 1.756033e+05 1.443797e+05 1.221978e+05 1.057506e+05 1.015852e+05 9.629591e+04 9.044952e+04 1.001093e+05 1.112589e+05 1.238045e+05 1.371627e+05 1.498760e+05 1.594407e+05 1.630602e+05 1.594407e+05 1.498760e+05 1.371627e+05 1.214605e+05 1.085838e+05 1.145726e+05 1.186793e+05 1.201496e+05 1.186793e+05 1.145726e+05 1.008200e+05 8.992558e+04 8.110448e+04 1.517685e+05 1.990261e+05 2.831518e+05 2.306019e+05 1.870178e+05 1.546136e+05 1.307152e+05 1.127416e+05 1.169152e+05 1.194894e+05 1.415759e+05 1.735613e+05 2.238511e+05 3.135726e+05 5.104592e+05 1.020918e+06 8.071068e+05 4.239133e+05 2.768353e+05 2.041837e+05 2.066789e+05 1.950364e+05 1.750860e+05 2.147518e+05 2.653751e+05 3.135726e+05 3.228427e+05 2.831518e+05 2.306019e+05 1.870178e+05 1.546136e+05 1.307152e+05 1.127416e+05 1.074651e+05 1.015852e+05 1.141421e+05 1.290339e+05 1.461440e+05 1.643226e+05 1.804746e+05 1.895798e+05 1.876485e+05 1.756033e+05 1.582867e+05 1.402339e+05 1.227264e+05 1.082171e+05 9.629591e+04 1.015852e+05 1.057506e+05 1.082171e+05 1.085838e+05 1.067869e+05 9.288275e+04 8.214801e+04
1.337652e+05 1.542382e+05 1.793571e+05 1.521895e+05 1.305014e+05 1.134354e+05 9.991731e+04 8.906218e+04 9.227845e+04 9.438393e+04 9.511845e+04 1.087068e+05 1.268246e+05 1.521895e+05 1.902369e+05 2.536492e+05 3.804738e+05 7.609476e+05 1.609630e+07 7.609476e+05 3.804738e+05 3.512066e+05 2.922881e+05 3.915043e+05 4.565685e+05 3.915043e+05 2.922881e+05 2.217293e+05 1.756033e+05 1.443797e+05 1.221978e+05 1.057506e+05 9.311910e+04 9.023728e+04 8.646883e+04 8.216131e+04 9.044952e+04 1.001093e+05 1.112589e+05 1.238045e+05 1.371627e+05 1.498760e+05 1.594407e+05 1.630602e+05 1.594407e+05 1.498760e+05 1.300243e+05 1.145726e+05 1.186793e+05 1.201496e+05 1.186793e+05 1.145726e+05 1.085838e+05 9.666691e+04 8.694134e+04 7.889481e+04 1.417805e+05 1.779551e+05 2.306019e+05 1.870178e+05 1.546136e+05 1.307152e+05 1.127416e+05 9.888089e+04 1.016607e+05 1.033394e+05 1.194894e+05 1.415759e+05 1.735613e+05 2.238511e+05 3.135726e+05 5.104592e+05 1.020918e+06 8.071068e+05 4.239133e+05 2.768353e+05 2.831518e+05 2.552296e+05 2.147518e+05 2.653751e+05 3.135726e+05 3.228427e+05 2.831518e+05 2.306019e+05 1.870178e+05 1.546136e+05 1.307152e+05 1.127416e+05 9.888089e+04 9.526327e+04 9.109534e+04 1.015852e+05 1.141421e+05 1.290339e+05 1.461440e+05 1.643226e+05 1.804746e+05 1.895798e+05 1.876485e+05 1.756033e+05 1.582867e+05 1.342849e+05 1.158938e+05 1.015852e+05 1.057506e+05 1.082171e+05 1.085838e+05 1.067869e+05 1.031283e+05 9.044508e+04 8.044714e+04
1.212889e+05 1.359262e+05 1.521895e+05 1.305014e+05 1.134354e+05 9.991731e+04 8.906218e+04 8.021092e+04 8.253635e+04 8.403260e+04 8.454973e+04 9.511845e+04 1.087068e+05 1.268246e+05 1.521895e+05 1.902369e+05 2.536492e+05 3.804738e+05 7.609476e+05 1.609630e+07 7.609476e+05 5.845761e+05 3.915043e+05 4.565685e+05 3.915043e+05 2.922881e+05 2.217293e+05 1.756033e+05 1.443797e+05 1.221978e+05 1.057506e+05 9.311910e+04 8.313623e+04 8.106612e+04 7.830086e+04 7.505941e+04 8.216131e+04 9.044952e+04 1.001093e+05 1.112589e+05 1.238045e+05 1.371627e+05 1.498760e+05 1.594407e+05 1.630602e+05 1.594407e+05 1.361224e+05 1.186793e+05 1.201496e+05 1.186793e+05 1.145726e+05 1.085838e+05 1.015852e+05 9.162987e+04 8.322212e+04 7.608419e+04 1.296045e+05 1.554853e+05 1.870178e+05 1.546136e+05 1.307152e+05 1.127416e+05 9.888089e+04 8.793182e+04 8.986943e+04 9.102290e+04 1.033394e+05 1.194894e+05 1.415759e+05 1.735613e+05 2.238511e+05 3.135726e+05 5.104592e+05 1.020918e+06 8.071068e+05 4.239133e+05 4.477023e+05 3.565201e+05 2.653751e+05 3.135726e+05 3.228427e+05 2.831518e+05 2.306019e+05 1.870178e+05 1.546136e+05 1.307152e+05 1.127416e+05 9.888089e+04 8.793182e+04 8.535856e+04 8.232141e+04 9.109534e+04 1.015852e+05 1.141421e+05 1.290339e+05 1.461440e+05 1.643226e+05 1.804746e+05 1.895798e+05 1.876485e+05 1.756033e+05 1.443797e+05 1.221978e+05 1.057506e+05 1.082171e+05 1.085838e+05 1.067869e+05 1.031283e+05 9.814707e+04 8.702861e+04 7.801457e+04
1.094225e+05 1.198079e+05 1.305014e+05 1.134354e+05 9.991731e+04 8.906218e+04 8.021092e+04 7.288556e+04 7.461705e+04 7.571711e+04 7.609476e+04 8.454973e+04 9.511845e+04 1.087068e+05 1.268246e+05 1.521895e+05 1.902369e+05 2.536492e+05 3.804738e+05 7.609476e+05 1.609630e+07 9.131371e+05 4.565685e+05 3.915043e+05 2.922881e+05 2.217293e+05 1.756033e+05 1.443797e+05 1.221978e+05 1.057506e+05 9.311910e+04 8.313623e+04 7.505941e+04 7.352541e+04 7.144357e+04 6.895579e+04 7.505941e+04 8.216131e+04 9.044952e+04 1.001093e+05 1.112589e+05 1.238045e+05 1.371627e+05 1.498760e+05 1.594407e+05 1.630602e+05 1.383541e+05 1.201496e+05 1.186793e+05 1.145726e+05 1.085838e+05 1.015852e+05 9.430336e+04 8.617910e+04 7.907472e+04 7.287627e+04 1.172231e+05 1.353278e+05 1.546136e+05 1.307152e+05 1.127416e+05 9.888089e+04 8.793182e+04 7.909581e+04 8.049714e+04 8.132290e+04 9.102290e+04 1.033394e+05 1.194894e+05 1.415759e+05 1.735613e+05 2.238511e+05 3.135726e+05 5.104592e+05 1.020918e+06 8.071068e+05 1.020918e+06 5.104592e+05 3.135726e+05 3.228427e+05 2.831518e+05 2.306019e+05 1.870178e+05 1.546136e+05 1.307152e+05 1.127416e+05 9.888089e+04 8.793182e+04 7.909581e+04 7.720727e+04 7.493798e+04 8.232141e+04 9.109534e+04 1.015852e+05 1.141421e+05 1.290339e+05 1.461440e+05 1.643226e+05 1.804746e+05 1.895798e+05 1.876485e+05 1.508545e+05 1.260489e+05 1.082171e+05 1.085838e+05 1.067869e+05 1.031283e+05 9.814707e+04 9.242960e+04 8.296790e+04 7.504927e+04
1.006919e+05 1.103373e+05 1.207786e+05 1.068746e+05 9.534633e+04 8.577934e+04 7.778778e+04 7.105318e+04 7.321280e+04 7.484730e+04 7.583191e+04 8.418961e+04 9.460656e+04 1.079446e+05 1.256188e+05 1.501188e+05 1.862382e+05 2.443955e+05 3.512066e+05 5.845761e+05 9.131371e+05 1.609630e+07 9.131371e+05 5.845761e+05 3.512066e+05 2.443955e+05 1.862382e+05 1.501188e+05 1.256188e+05 1.079446e+05 9.460656e+04 8.418961e+04 7.583191e+04 7.484730e+04 7.321280e+04 7.105318e+04 7.778778e+04 8.577934e+04 9.534633e+04 1.068746e+05 1.207786e+05 1.373488e+05 1.563261e+05 1.759942e+05 1.920798e+05 1.985081e+05 1.630602e+05 1.383541e+05 1.361224e+05 1.300243e+05 1.214605e+05 1.118920e+05 1.023737e+05 9.329173e+04 8.529233e+04 7.830086e+04 1.066702e+05 1.229821e+05 1.417805e+05 1.226821e+05 1.074651e+05 9.526327e+04 8.535856e+04 7.720727e+04 7.909581e+04 8.049714e+04 8.986943e+04 1.016607e+05 1.169152e+05 1.373488e+05 1.659427e+05 2.081773e+05 2.743255e+05 3.791595e+05 4.952181e+05 4.635751e+05 9.131371e+05 9.131371e+05 4.635751e+05 4.952181e+05 3.791595e+05 2.743255e+05 2.081773e+05 1.659427e+05 1.373488e+05 1.169152e+05 1.016607e+05 8.986943e+04 8.049714e+04 7.909581e+04 7.720727e+04 8.535856e+04 9.526327e+04 1.074651e+05 1.226821e+05 1.417805e+05 1.655060e+05 1.934543e+05 2.214683e+05 2.389789e+05 2.351448e+05 1.803337e+05 1.460692e+05 1.226821e+05 1.232170e+05 1.206099e+05 1.154114e+05 1.085531e+05 1.009623e+05 9.009223e+04 8.101506e+04
9.279158e+04 1.015286e+05 1.112589e+05 1.001093e+05 9.044952e+04 8.216131e+04 7.505941e+04 6.895579e+04 7.144357e+04 7.352541e+04 7.505941e+04 8.313623e+04 9.311910e+04 1.057506e+05 1.221978e+05 1.443797e+05 1.756033e+05 2.217293e+05 2.922881e+05 3.915043e+05 4.565685e+05 9.131371e+05 1.609630e+07 7.609476e+05 3.804738e+05 2.536492e+05 1.902369e+05 1.521895e+05 1.268246e+05 1.087068e+05 9.511845e+04 8.454973e+04 7.609476e+04 7.571711e+04 7.461705e+04 7.288556e+04 8.021092e+04 8.906218e+04 9.991731e+04 1.134354e+05 1.305014e+05 1.521895e+05 1.793571e+05 2.110489e+05 2.406328e+05 2.536492e+05 1.985081e+05 1.630602e+05 1.594407e+05 1.498760e+05 1.371627e+05 1.238045e+05 1.112589e+05 1.012488e+05 9.229521e+04 8.441955e+04 9.740718e+04 1.117829e+05 1.290339e+05 1.141421e+05 1.015852e+05 9.109534e+04 8.232141e+04 7.493798e+04 7.720727e+04 7.909581e+04 8.793182e+04 9.888089e+04 1.127416e+05 1.307152e+05 1.546136e+05 1.870178e+05 2.306019e+05 2.831518e+05 3.228427e+05 3.135726e+05 5.104592e+05 1.020918e+06 8.071068e+05 1.020918e+06 5.104592e+05 3.135726e+05 2.238511e+05 1.735613e+05 1.415759e+05 1.194894e+05 1.033394e+05 9.102290e+04 8.132290e+04 8.049714e+04 7.909581e+04 8.793182e+04 9.888089e+04 1.127416e+05 1.307152e+05 1.546136e+05 1.870178e+05 2.306019e+05 2.831518e+05 3.228427e+05 3.135726e+05 2.238511e+05 1.735613e+05 1.415759e+05 1.423998e+05 1.384177e+05 1.307152e+05 1.209904e+05 1.107341e+05 9.827773e+04 8.785039e+04
9.970267e+04 1.107912e+05 1.238045e+05 1.112589e+05 1.001093e+05 9.044952e+04 8.216131e+04 7.505941e+04 7.830086e+04 8.106612e+04 8.313623e+04 9.311910e+04 1.057506e+05 1.221978e+05 1.443797e+05 1.756033e+05 2.217293e+05 2.922881e+05 3.915043e+05 4.565685e+05 3.915043e+05 5.845761e+05 7.609476e+05 1.609630e+07 7.609476e+05 3.804738e+05 2.536492e+05 1.902369e+05 1.521895e+05 1.268246e+05 1.087068e+05 9.511845e+04 8.454973e+04 8.403260e+04 8.253635e+04 8.021092e+04 8.906218e+04 9.991731e+04 1.134354e+05 1.305014e+05 1.521895e+05 1.793571e+05 2.110489e+05 2.406328e+05 2.536492e+05 2.406328e+05 1.920798e+05 1.594407e+05 1.630602e+05 1.594407e+05 1.498760e+05 1.371627e+05 1.238045e+05 1.104278e+05 9.908767e+04 8.952324e+04 1.041699e+05 1.223622e+05 1.461440e+05 1.290339e+05 1.141421e+05 1.015852e+05 9.109534e+04 8.232141e+04 8.535856e+04 8.793182e+04 9.888089e+04 1.127416e+05 1.307152e+05 1.546136e+05 1.870178e+05 2.306019e+05 2.831518e+05 3.228427e+05 3.135726e+05 2.653751e+05 3.565201e+05 4.477023e+05 4.239133e+05 8.071068e+05 1.020918e+06 5.104592e+05 3.135726e+05 2.238511e+05 1.735613e+05 1.415759e+05 1.194894e+05 1.033394e+05 9.102290e+04 8.986943e+04 8.793182e+04 9.888089e+04 1.127416e+05 1.307152e+05 1.546136e+05 1.870178e+05 2.306019e+05 2.831518e+05 3.228427e+05 3.135726e+05 2.653751e+05 2.041837e+05 1.638986e+05 1.361830e+05 1.415759e+05 1.423998e+05 1.384177e+05 1.307152e+05 1.209904e+05 1.052367e+05 9.271502e+04
1.062938e+05 1.200561e+05 1.371627e+05 1.238045e+05 1.112589e+05 1.001093e+05 9.044952e+04 8.216131e+04 8.646883e+04 9.023728e+04 9.311910e+04 1.057506e+05 1.221978e+05 1.443797e+05 1.756033e+05 2.217293e+05 2.922881e+05 3.915043e+05 4.565685e+05 3.915043e+05 2.922881e+05 3.512066e+05 3.804738e+05 7.609476e+05 1.609630e+07 7.609476e+05 3.804738e+05 2.536492e+05 1.902369e+05 1.521895e+05 1.268246e+05 1.087068e+05 9.511845e+04 9.438393e+04 9.227845e+04 8.906218e+04 9.991731e+04 1.134354e+05 1.305014e+05 1.521895e+05 1.793571e+05 2.110489e+05 2.406328e+05 2.536492e+05 2.406328e+05 2.110489e+05 1.759942e+05 1.498760e+05 1.594407e+05 1.630602e+05 1.594407e+05 1.498760e+05 1.371627e+05 1.195942e+05 1.055495e+05 9.420294e+04 1.101846e+05 1.324500e+05 1.643226e+05 1.461440e+05 1.290339e+05 1.141421e+05 1.015852e+05 9.109534e+04 9.526327e+04 9.888089e+04 1.127416e+05 1.307152e+05 1.546136e+05 1.870178e+05 2.306019e+05 2.831518e+05 3.228427e+05 3.135726e+05 2.653751e+05 2.147518e+05 2.552296e+05 2.831518e+05 2.768353e+05 4.239133e+05 8.071068e+05 1.020918e+06 5.104592e+05 3.135726e+05 2.238511e+05 1.735613e+05 1.415759e+05 1.194894e+05 1.033394e+05 1.016607e+05 9.888089e+04 1.127416e+05 1.307152e+05 1.546136e+05 1.870178e+05 2.306019e+05 2.831518e+05 3.228427e+05 3.135726e+05 2.653751e+05 2.147518e+05 1.782601e+05 1.495540e+05 1.276148e+05 1.361830e+05 1.415759e+05 1.423998e+05 1.384177e+05 1.307152e+05 1.114494e+05 9.687946e+04
1.118920e+05 1.283058e+05 1.498760e+05 1.371627e+05 1.238045e+05 1.112589e+05 1.001093e+05 9.044952e+04 9.629591e+04 1.015852e+05 1.057506e+05 1.221978e+05 1.443797e+05 1.756033e+05 2.217293e+05 2.922881e+05 3.915043e+05 4.565685e+05 3.915043e+05 2.922881e+05 2.217293e+05 2.443955e+05 2.536492e+05 3.804738e+05 7.609476e+05 1.609630e+07 7.609476e+05 3.804738e+05 2.536492e+05 1.902369e+05 1.521895e+05 1.268246e+05 1.087068e+05 1.076142e+05 1.045242e+05 9.991731e+04 1.134354e+05 1.305014e+05 1.521895e+05 1.793571e+05 2.110489e+05 2.406328e+05 2.536492e+05 2.406328e+05 2.110489e+05 1.793571e+05 1.563261e+05 1.371627e+05 1.498760e+05 1.594407e+05 1.630602e+05 1.594407e+05 1.498760e+05 1.277424e+05 1.110248e+05 9.803388e+04 1.146810e+05 1.404826e+05 1.804746e+05 1.643226e+05 1.461440e+05 1.290339e+05 1.141421e+05 1.015852e+05 1.074651e+05 1.127416e+05 1.307152e+05 1.546136e+05 1.870178e+05 2.306019e+05 2.831518e+05 3.228427e+05 3.135726e+05 2.653751e+05 2.147518e+05 1.750860e+05 1.950364e+05 2.066789e+05 2.041837e+05 2.768353e+05 4.239133e+05 8.071068e+05 1.020918e+06 5.104592e+05 3.135726e+05 2.238511e+05 1.735613e+05 1.415759e+05 1.194894e+05 1.169152e+05 1.127416e+05 1.307152e+05 1.546136e+05 1.870178e+05 2.306019e+05 2.831518e+05 3.228427e+05 3.135726e+05 2.653751e+05 2.147518e+05 1.750860e+05 1.535606e+05 1.340531e+05 1.175724e+05 1.276148e+05 1.361830e+05 1.415759e+05 1.423998e+05 1.384177e+05 1.161091e+05 9.989339e+04
1.157075e+05 1.341544e+05 1.594407e+05 1.498760e+05 1.371627e+05 1.238045e+05 1.112589e+05 1.001093e+05 1.082171e+05 1.158938e+05 1.221978e+05 1.443797e+05 1.756033e+05 2.217293e+05 2.922881e+05 3.915043e+05 4.565685e+05 3.915043e+05 2.922881e+05 2.217293e+05 1.756033e+05 1.862382e+05 1.902369e+05 2.536492e+05 3.804738e+05 7.609476e+05 1.609630e+07 7.609476e+05 3.804738e+05 2.536492e+05 1.902369e+05 1.521895e+05 1.268246e+05 1.250990e+05 1.203164e+05 1.134354e+05 1.305014e+05 1.521895e+05 1.793571e+05 2.110489e+05 2.406328e+05 2.536492e+05 2.406328e+05 2.110489e+05 1.793571e+05 1.521895e+05 1.373488e+05 1.238045e+05 1.371627e+05 1.498760e+05 1.594407e+05 1.630602e+05 1.594407e+05 1.335107e+05 1.147494e+05 1.005697e+05 1.169152e+05 1.446511e+05 1.895798e+05 1.804746e+05 1.643226e+05 1.461440e+05 1.290339e+05 1.141421e+05 1.226821e+05 1.307152e+05 1.546136e+05 1.870178e+05 2.306019e+05 2.831518e+05 3.228427e+05 3.135726e+05 2.653751e+05 2.147518e+05 1.750860e+05 1.458455e+05 1.567863e+05 1.626458e+05 1.614214e+05 2.041837e+05 2.768353e+05 4.239133e+05 8.071068e+05 1.020918e+06 5.104592e+05 3.135726e+05 2.238511e+05 1.735613e+05 1.415759e+05 1.373488e+05 1.307152e+05 1.546136e+05 1.870178e+05 2.306019e+05 2.831518e+05 3.228427e+05 3.135726e+05 2.653751e+05 2.147518e+05 1.750860e+05 1.458455e+05 1.326875e+05 1.194894e+05 1.073759e+05 1.175724e+05 1.276148e+05 1.361830e+05 1.415759e+05 1.423998e+05 1.184295e+05 1.013596e+05
