20 20
3.393316739896585133e-10 9.999999999999991317e-11 4.999999999999999536e-11 3.333333333333329577e-11 2.500000000000002353e-11 1.999999999999998587e-11 1.666666666666668343e-11 1.428571428571427354e-11 1.250000000000001176e-11 1.111111111111110290e-11 4.999999999999999536e-11 4.472135954999578628e-11 3.535533905932738283e-11 2.773500981126142837e-11 2.236067977499792222e-11 1.856953381770517670e-11 1.581138830084190989e-11 1.373605639486888949e-11 1.212678125181666075e-11 1.084652289093280092e-11
9.999999999999991317e-11 3.393316739896585133e-10 1.000000000000000941e-10 4.999999999999995659e-11 3.333333333333337978e-11 2.499999999999998799e-11 2.000000000000002141e-11 1.666666666666665435e-11 1.428571428571430101e-11 1.249999999999999238e-11 4.472135954999578628e-11 4.999999999999999536e-11 4.472135954999580567e-11 3.535533905932735052e-11 2.773500981126148976e-11 2.236067977499788345e-11 1.856953381770520901e-11 1.581138830084188404e-11 1.373605639486891534e-11 1.212678125181664298e-11
4.999999999999999536e-11 1.000000000000000941e-10 3.393316739896585133e-10 9.999999999999983562e-11 5.000000000000004706e-11 3.333333333333332162e-11 2.500000000000002353e-11 1.999999999999998263e-11 1.666666666666668343e-11 1.428571428571427516e-11 3.535533905932738283e-11 4.472135954999580567e-11 4.999999999999999536e-11 4.472135954999575397e-11 3.535533905932741515e-11 2.773500981126144129e-11 2.236067977499792222e-11 1.856953381770517024e-11 1.581138830084190989e-11 1.373605639486889110e-11
3.333333333333329577e-11 4.999999999999995659e-11 9.999999999999983562e-11 3.393316739896585133e-10 1.000000000000000941e-10 4.999999999999995659e-11 3.333333333333334747e-11 2.499999999999995567e-11 2.000000000000000202e-11 1.666666666666664466e-11 2.773500981126142837e-11 3.535533905932735052e-11 4.472135954999575397e-11 4.999999999999991135e-11 4.472135954999580567e-11 3.535533905932733114e-11 2.773500981126146391e-11 2.236067977499786083e-11 1.856953381770519286e-11 1.581138830084187435e-11
2.500000000000002353e-11 3.333333333333337978e-11 5.000000000000004706e-11 1.000000000000000941e-10 3.393316739896585133e-10 1.000000000000000941e-10 5.000000000000009229e-11 3.333333333333332162e-11 2.500000000000004615e-11 2.000000000000000202e-11 2.236067977499792222e-11 2.773500981126148976e-11 3.535533905932741515e-11 4.472135954999580567e-11 5.000000000000009229e-11 4.472135954999580567e-11 3.535533905932744746e-11 2.773500981126145099e-11 2.236067977499794484e-11 1.856953381770519286e-11
1.999999999999998587e-11 2.499999999999998799e-11 3.333333333333332162e-11 4.999999999999995659e-11 1.000000000000000941e-10 3.393316739896585133e-10 9.999999999999991317e-11 4.999999999999986611e-11 3.333333333333332162e-11 2.499999999999995567e-11 1.856953381770517670e-11 2.236067977499788345e-11 2.773500981126144129e-11 3.535533905932733114e-11 4.472135954999580567e-11 4.999999999999991135e-11 4.472135954999578628e-11 3.535533905932729882e-11 2.773500981126145099e-11 2.236067977499786083e-11
1.666666666666668343e-11 2.000000000000002141e-11 2.500000000000002353e-11 3.333333333333334747e-11 5.000000000000009229e-11 9.999999999999991317e-11 3.393316739896585133e-10 9.999999999999991317e-11 5.000000000000009229e-11 3.333333333333334747e-11 1.581138830084190989e-11 1.856953381770520901e-11 2.236067977499792222e-11 2.773500981126146391e-11 3.535533905932744746e-11 4.472135954999578628e-11 5.000000000000009229e-11 4.472135954999578628e-11 3.535533905932744746e-11 2.773500981126146391e-11
1.428571428571427354e-11 1.666666666666665435e-11 1.999999999999998263e-11 2.499999999999995567e-11 3.333333333333332162e-11 4.999999999999986611e-11 9.999999999999991317e-11 3.393316739896585133e-10 1.000000000000000941e-10 4.999999999999995659e-11 1.373605639486888949e-11 1.581138830084188404e-11 1.856953381770517024e-11 2.236067977499786083e-11 2.773500981126145099e-11 3.535533905932729882e-11 4.472135954999578628e-11 4.999999999999991135e-11 4.472135954999580567e-11 3.535533905932733114e-11
1.250000000000001176e-11 1.428571428571430101e-11 1.666666666666668343e-11 2.000000000000000202e-11 2.500000000000004615e-11 3.333333333333332162e-11 5.000000000000009229e-11 1.000000000000000941e-10 3.393316739896585133e-10 1.000000000000000941e-10 1.212678125181666075e-11 1.373605639486891534e-11 1.581138830084190989e-11 1.856953381770519286e-11 2.236067977499794484e-11 2.773500981126145099e-11 3.535533905932744746e-11 4.472135954999580567e-11 5.000000000000009229e-11 4.472135954999580567e-11
1.111111111111110290e-11 1.249999999999999238e-11 1.428571428571427516e-11 1.666666666666664466e-11 2.000000000000000202e-11 2.499999999999995567e-11 3.333333333333334747e-11 4.999999999999995659e-11 1.000000000000000941e-10 3.393316739896585133e-10 1.084652289093280092e-11 1.212678125181664298e-11 1.373605639486889110e-11 1.581138830084187435e-11 1.856953381770519286e-11 2.236067977499786083e-11 2.773500981126146391e-11 3.535533905932733114e-11 4.472135954999580567e-11 4.999999999999991135e-11
4.999999999999999536e-11 4.472135954999578628e-11 3.535533905932738283e-11 2.773500981126142837e-11 2.236067977499792222e-11 1.856953381770517670e-11 1.581138830084190989e-11 1.373605639486888949e-11 1.212678125181666075e-11 1.084652289093280092e-11 3.393316739896585133e-10 9.999999999999991317e-11 4.999999999999999536e-11 3.333333333333329577e-11 2.500000000000002353e-11 1.999999999999998587e-11 1.666666666666668343e-11 1.428571428571427354e-11 1.250000000000001176e-11 1.111111111111110290e-11
4.472135954999578628e-11 4.999999999999999536e-11 4.472135954999580567e-11 3.535533905932735052e-11 2.773500981126148976e-11 2.236067977499788345e-11 1.856953381770520901e-11 1.581138830084188404e-11 1.373605639486891534e-11 1.212678125181664298e-11 9.999999999999991317e-11 3.393316739896585133e-10 1.000000000000000941e-10 4.999999999999995659e-11 3.333333333333337978e-11 2.499999999999998799e-11 2.000000000000002141e-11 1.666666666666665435e-11 1.428571428571430101e-11 1.249999999999999238e-11
3.535533905932738283e-11 4.472135954999580567e-11 4.999999999999999536e-11 4.472135954999575397e-11 3.535533905932741515e-11 2.773500981126144129e-11 2.236067977499792222e-11 1.856953381770517024e-11 1.581138830084190989e-11 1.373605639486889110e-11 4.999999999999999536e-11 1.000000000000000941e-10 3.393316739896585133e-10 9.999999999999983562e-11 5.000000000000004706e-11 3.333333333333332162e-11 2.500000000000002353e-11 1.999999999999998263e-11 1.666666666666668343e-11 1.428571428571427516e-11
2.773500981126142837e-11 3.535533905932735052e-11 4.472135954999575397e-11 4.999999999999991135e-11 4.472135954999580567e-11 3.535533905932733114e-11 2.773500981126146391e-11 2.236067977499786083e-11 1.856953381770519286e-11 1.581138830084187435e-11 3.333333333333329577e-11 4.999999999999995659e-11 9.999999999999983562e-11 3.393316739896585133e-10 1.000000000000000941e-10 4.999999999999995659e-11 3.333333333333334747e-11 2.499999999999995567e-11 2.000000000000000202e-11 1.666666666666664466e-11
2.236067977499792222e-11 2.773500981126148976e-11 3.535533905932741515e-11 4.472135954999580567e-11 5.000000000000009229e-11 4.472135954999580567e-11 3.535533905932744746e-11 2.773500981126145099e-11 2.236067977499794484e-11 1.856953381770519286e-11 2.500000000000002353e-11 3.333333333333337978e-11 5.000000000000004706e-11 1.000000000000000941e-10 3.393316739896585133e-10 1.000000000000000941e-10 5.000000000000009229e-11 3.333333333333332162e-11 2.500000000000004615e-11 2.000000000000000202e-11
1.856953381770517670e-11 2.236067977499788345e-11 2.773500981126144129e-11 3.535533905932733114e-11 4.472135954999580567e-11 4.999999999999991135e-11 4.472135954999578628e-11 3.535533905932729882e-11 2.773500981126145099e-11 2.236067977499786083e-11 1.999999999999998587e-11 2.499999999999998799e-11 3.333333333333332162e-11 4.999999999999995659e-11 1.000000000000000941e-10 3.393316739896585133e-10 9.999999999999991317e-11 4.999999999999986611e-11 3.333333333333332162e-11 2.499999999999995567e-11
1.581138830084190989e-11 1.856953381770520901e-11 2.236067977499792222e-11 2.773500981126146391e-11 3.535533905932744746e-11 4.472135954999578628e-11 5.000000000000009229e-11 4.472135954999578628e-11 3.535533905932744746e-11 2.773500981126146391e-11 1.666666666666668343e-11 2.000000000000002141e-11 2.500000000000002353e-11 3.333333333333334747e-11 5.000000000000009229e-11 9.999999999999991317e-11 3.393316739896585133e-10 9.999999999999991317e-11 5.000000000000009229e-11 3.333333333333334747e-11
1.373605639486888949e-11 1.581138830084188404e-11 1.856953381770517024e-11 2.236067977499786083e-11 2.773500981126145099e-11 3.535533905932729882e-11 4.472135954999578628e-11 4.999999999999991135e-11 4.472135954999580567e-11 3.535533905932733114e-11 1.428571428571427354e-11 1.666666666666665435e-11 1.999999999999998263e-11 2.499999999999995567e-11 3.333333333333332162e-11 4.999999999999986611e-11 9.999999999999991317e-11 3.393316739896585133e-10 1.000000000000000941e-10 4.999999999999995659e-11
1.212678125181666075e-11 1.373605639486891534e-11 1.581138830084190989e-11 1.856953381770519286e-11 2.236067977499794484e-11 2.773500981126145099e-11 3.535533905932744746e-11 4.472135954999580567e-11 5.000000000000009229e-11 4.472135954999580567e-11 1.250000000000001176e-11 1.428571428571430101e-11 1.666666666666668343e-11 2.000000000000000202e-11 2.500000000000004615e-11 3.333333333333332162e-11 5.000000000000009229e-11 1.000000000000000941e-10 3.393316739896585133e-10 1.000000000000000941e-10
1.084652289093280092e-11 1.212678125181664298e-11 1.373605639486889110e-11 1.581138830084187435e-11 1.856953381770519286e-11 2.236067977499786083e-11 2.773500981126146391e-11 3.535533905932733114e-11 4.472135954999580567e-11 4.999999999999991135e-11 1.111111111111110290e-11 1.249999999999999238e-11 1.428571428571427516e-11 1.666666666666664466e-11 2.000000000000000202e-11 2.499999999999995567e-11 3.333333333333334747e-11 4.999999999999995659e-11 1.000000000000000941e-10 3.393316739896585133e-10
