22 22
6.337112604182142019e+07 8.987551784952722490e+06 4.493775892476361245e+06 2.995850594984241296e+06 2.246887946238181554e+06 1.797510356990544591e+06 1.497925297492120881e+06 1.283935969278960489e+06 1.123443973119090311e+06 9.986168649947468657e+05 8.987551784952725284e+05 4.493775892476361245e+06 4.019355348490772769e+06 3.177579406702665146e+06 2.492698369348841719e+06 2.009677674245386384e+06 1.668946468090562150e+06 1.421056711458121892e+06 1.234535181699152570e+06 1.089900744854959426e+06 9.748368616893371800e+05 8.813019602096078452e+05
8.987551784952722490e+06 6.337112604182142019e+07 8.987551784952722490e+06 4.493775892476361245e+06 2.995850594984242227e+06 2.246887946238180622e+06 1.797510356990545057e+06 1.497925297492120648e+06 1.283935969278960489e+06 1.123443973119090311e+06 9.986168649947470985e+05 4.019355348490772769e+06 4.493775892476361245e+06 4.019355348490772769e+06 3.177579406702665146e+06 2.492698369348842651e+06 2.009677674245386384e+06 1.668946468090562616e+06 1.421056711458121892e+06 1.234535181699152803e+06 1.089900744854959426e+06 9.748368616893374128e+05
4.493775892476361245e+06 8.987551784952722490e+06 6.337112604182142019e+07 8.987551784952722490e+06 4.493775892476363108e+06 2.995850594984241296e+06 2.246887946238181554e+06 1.797510356990544591e+06 1.497925297492120881e+06 1.283935969278960489e+06 1.123443973119090311e+06 3.177579406702665146e+06 4.019355348490772769e+06 4.493775892476361245e+06 4.019355348490772769e+06 3.177579406702665146e+06 2.492698369348841719e+06 2.009677674245386384e+06 1.668946468090562150e+06 1.421056711458121892e+06 1.234535181699152570e+06 1.089900744854959426e+06
2.995850594984241296e+06 4.493775892476361245e+06 8.987551784952722490e+06 6.337112604182142019e+07 8.987551784952731803e+06 4.493775892476361245e+06 2.995850594984242227e+06 2.246887946238180622e+06 1.797510356990545057e+06 1.497925297492120648e+06 1.283935969278960489e+06 2.492698369348841719e+06 3.177579406702665146e+06 4.019355348490772769e+06 4.493775892476361245e+06 4.019355348490772769e+06 3.177579406702665146e+06 2.492698369348842651e+06 2.009677674245386384e+06 1.668946468090562616e+06 1.421056711458121892e+06 1.234535181699152803e+06
2.246887946238181554e+06 2.995850594984242227e+06 4.493775892476363108e+06 8.987551784952731803e+06 6.337112604182142019e+07 8.987551784952715039e+06 4.493775892476361245e+06 2.995850594984239899e+06 2.246887946238180622e+06 1.797510356990544591e+06 1.497925297492120648e+06 2.009677674245386384e+06 2.492698369348842651e+06 3.177579406702665146e+06 4.019355348490772769e+06 4.493775892476361245e+06 4.019355348490772303e+06 3.177579406702665146e+06 2.492698369348841254e+06 2.009677674245386384e+06 1.668946468090561917e+06 1.421056711458121892e+06
1.797510356990544591e+06 2.246887946238180622e+06 2.995850594984241296e+06 4.493775892476361245e+06 8.987551784952715039e+06 6.337112604182142019e+07 8.987551784952731803e+06 4.493775892476361245e+06 2.995850594984242227e+06 2.246887946238180622e+06 1.797510356990545057e+06 1.668946468090562150e+06 2.009677674245386384e+06 2.492698369348841719e+06 3.177579406702665146e+06 4.019355348490772303e+06 4.493775892476361245e+06 4.019355348490772769e+06 3.177579406702665146e+06 2.492698369348842651e+06 2.009677674245386384e+06 1.668946468090562616e+06
1.497925297492120881e+06 1.797510356990545057e+06 2.246887946238181554e+06 2.995850594984242227e+06 4.493775892476361245e+06 8.987551784952731803e+06 6.337112604182142019e+07 8.987551784952715039e+06 4.493775892476361245e+06 2.995850594984239899e+06 2.246887946238180622e+06 1.421056711458121892e+06 1.668946468090562616e+06 2.009677674245386384e+06 2.492698369348842651e+06 3.177579406702665146e+06 4.019355348490772769e+06 4.493775892476361245e+06 4.019355348490772303e+06 3.177579406702665146e+06 2.492698369348841254e+06 2.009677674245386384e+06
1.283935969278960489e+06 1.497925297492120648e+06 1.797510356990544591e+06 2.246887946238180622e+06 2.995850594984239899e+06 4.493775892476361245e+06 8.987551784952715039e+06 6.337112604182142019e+07 8.987551784952731803e+06 4.493775892476361245e+06 2.995850594984242227e+06 1.234535181699152570e+06 1.421056711458121892e+06 1.668946468090562150e+06 2.009677674245386384e+06 2.492698369348841254e+06 3.177579406702665146e+06 4.019355348490772303e+06 4.493775892476361245e+06 4.019355348490772769e+06 3.177579406702665146e+06 2.492698369348842651e+06
1.123443973119090311e+06 1.283935969278960489e+06 1.497925297492120881e+06 1.797510356990545057e+06 2.246887946238180622e+06 2.995850594984242227e+06 4.493775892476361245e+06 8.987551784952731803e+06 6.337112604182142019e+07 8.987551784952715039e+06 4.493775892476361245e+06 1.089900744854959426e+06 1.234535181699152803e+06 1.421056711458121892e+06 1.668946468090562616e+06 2.009677674245386384e+06 2.492698369348842651e+06 3.177579406702665146e+06 4.019355348490772769e+06 4.493775892476361245e+06 4.019355348490772303e+06 3.177579406702665146e+06
9.986168649947468657e+05 1.123443973119090311e+06 1.283935969278960489e+06 1.497925297492120648e+06 1.797510356990544591e+06 2.246887946238180622e+06 2.995850594984239899e+06 4.493775892476361245e+06 8.987551784952715039e+06 6.337112604182142019e+07 8.987551784952731803e+06 9.748368616893371800e+05 1.089900744854959426e+06 1.234535181699152570e+06 1.421056711458121892e+06 1.668946468090561917e+06 2.009677674245386384e+06 2.492698369348841254e+06 3.177579406702665146e+06 4.019355348490772303e+06 4.493775892476361245e+06 4.019355348490772769e+06
8.987551784952725284e+05 9.986168649947470985e+05 1.123443973119090311e+06 1.283935969278960489e+06 1.497925297492120648e+06 1.797510356990545057e+06 2.246887946238180622e+06 2.995850594984242227e+06 4.493775892476361245e+06 8.987551784952731803e+06 6.337112604182142019e+07 8.813019602096078452e+05 9.748368616893374128e+05 1.089900744854959426e+06 1.234535181699152803e+06 1.421056711458121892e+06 1.668946468090562616e+06 2.009677674245386384e+06 2.492698369348842651e+06 3.177579406702665146e+06 4.019355348490772769e+06 4.493775892476361245e+06
4.493775892476361245e+06 4.019355348490772769e+06 3.177579406702665146e+06 2.492698369348841719e+06 2.009677674245386384e+06 1.668946468090562150e+06 1.421056711458121892e+06 1.234535181699152570e+06 1.089900744854959426e+06 9.748368616893371800e+05 8.813019602096078452e+05 6.337112604182142019e+07 8.987551784952722490e+06 4.493775892476361245e+06 2.995850594984241296e+06 2.246887946238181554e+06 1.797510356990544591e+06 1.497925297492120881e+06 1.283935969278960489e+06 1.123443973119090311e+06 9.986168649947468657e+05 8.987551784952725284e+05
4.019355348490772769e+06 4.493775892476361245e+06 4.019355348490772769e+06 3.177579406702665146e+06 2.492698369348842651e+06 2.009677674245386384e+06 1.668946468090562616e+06 1.421056711458121892e+06 1.234535181699152803e+06 1.089900744854959426e+06 9.748368616893374128e+05 8.987551784952722490e+06 6.337112604182142019e+07 8.987551784952722490e+06 4.493775892476361245e+06 2.995850594984242227e+06 2.246887946238180622e+06 1.797510356990545057e+06 1.497925297492120648e+06 1.283935969278960489e+06 1.123443973119090311e+06 9.986168649947470985e+05
3.177579406702665146e+06 4.019355348490772769e+06 4.493775892476361245e+06 4.019355348490772769e+06 3.177579406702665146e+06 2.492698369348841719e+06 2.009677674245386384e+06 1.668946468090562150e+06 1.421056711458121892e+06 1.234535181699152570e+06 1.089900744854959426e+06 4.493775892476361245e+06 8.987551784952722490e+06 6.337112604182142019e+07 8.987551784952722490e+06 4.493775892476363108e+06 2.995850594984241296e+06 2.246887946238181554e+06 1.797510356990544591e+06 1.497925297492120881e+06 1.283935969278960489e+06 1.123443973119090311e+06
2.492698369348841719e+06 3.177579406702665146e+06 4.019355348490772769e+06 4.493775892476361245e+06 4.019355348490772769e+06 3.177579406702665146e+06 2.492698369348842651e+06 2.009677674245386384e+06 1.668946468090562616e+06 1.421056711458121892e+06 1.234535181699152803e+06 2.995850594984241296e+06 4.493775892476361245e+06 8.987551784952722490e+06 6.337112604182142019e+07 8.987551784952731803e+06 4.493775892476361245e+06 2.995850594984242227e+06 2.246887946238180622e+06 1.797510356990545057e+06 1.497925297492120648e+06 1.283935969278960489e+06
2.009677674245386384e+06 2.492698369348842651e+06 3.177579406702665146e+06 4.019355348490772769e+06 4.493775892476361245e+06 4.019355348490772303e+06 3.177579406702665146e+06 2.492698369348841254e+06 2.009677674245386384e+06 1.668946468090561917e+06 1.421056711458121892e+06 2.246887946238181554e+06 2.995850594984242227e+06 4.493775892476363108e+06 8.987551784952731803e+06 6.337112604182142019e+07 8.987551784952715039e+06 4.493775892476361245e+06 2.995850594984239899e+06 2.246887946238180622e+06 1.797510356990544591e+06 1.497925297492120648e+06
1.668946468090562150e+06 2.009677674245386384e+06 2.492698369348841719e+06 3.177579406702665146e+06 4.019355348490772303e+06 4.493775892476361245e+06 4.019355348490772769e+06 3.177579406702665146e+06 2.492698369348842651e+06 2.009677674245386384e+06 1.668946468090562616e+06 1.797510356990544591e+06 2.246887946238180622e+06 2.995850594984241296e+06 4.493775892476361245e+06 8.987551784952715039e+06 6.337112604182142019e+07 8.987551784952731803e+06 4.493775892476361245e+06 2.995850594984242227e+06 2.246887946238180622e+06 1.797510356990545057e+06
1.421056711458121892e+06 1.668946468090562616e+06 2.009677674245386384e+06 2.492698369348842651e+06 3.177579406702665146e+06 4.019355348490772769e+06 4.493775892476361245e+06 4.019355348490772303e+06 3.177579406702665146e+06 2.492698369348841254e+06 2.009677674245386384e+06 1.497925297492120881e+06 1.797510356990545057e+06 2.246887946238181554e+06 2.995850594984242227e+06 4.493775892476361245e+06 8.987551784952731803e+06 6.337112604182142019e+07 8.987551784952715039e+06 4.493775892476361245e+06 2.995850594984239899e+06 2.246887946238180622e+06
1.234535181699152570e+06 1.421056711458121892e+06 1.668946468090562150e+06 2.009677674245386384e+06 2.492698369348841254e+06 3.177579406702665146e+06 4.019355348490772303e+06 4.493775892476361245e+06 4.019355348490772769e+06 3.177579406702665146e+06 2.492698369348842651e+06 1.283935969278960489e+06 1.497925297492120648e+06 1.797510356990544591e+06 2.246887946238180622e+06 2.995850594984239899e+06 4.493775892476361245e+06 8.987551784952715039e+06 6.337112604182142019e+07 8.987551784952731803e+06 4.493775892476361245e+06 2.995850594984242227e+06
1.089900744854959426e+06 1.234535181699152803e+06 1.421056711458121892e+06 1.668946468090562616e+06 2.009677674245386384e+06 2.492698369348842651e+06 3.177579406702665146e+06 4.019355348490772769e+06 4.493775892476361245e+06 4.019355348490772303e+06 3.177579406702665146e+06 1.123443973119090311e+06 1.283935969278960489e+06 1.497925297492120881e+06 1.797510356990545057e+06 2.246887946238180622e+06 2.995850594984242227e+06 4.493775892476361245e+06 8.987551784952731803e+06 6.337112604182142019e+07 8.987551784952715039e+06 4.493775892476361245e+06
9.748368616893371800e+05 1.089900744854959426e+06 1.234535181699152570e+06 1.421056711458121892e+06 1.668946468090561917e+06 2.009677674245386384e+06 2.492698369348841254e+06 3.177579406702665146e+06 4.019355348490772303e+06 4.493775892476361245e+06 4.019355348490772769e+06 9.986168649947468657e+05 1.123443973119090311e+06 1.283935969278960489e+06 1.497925297492120648e+06 1.797510356990544591e+06 2.246887946238180622e+06 2.995850594984239899e+06 4.493775892476361245e+06 8.987551784952715039e+06 6.337112604182142019e+07 8.987551784952731803e+06
8.813019602096078452e+05 9.748368616893374128e+05 1.089900744854959426e+06 1.234535181699152803e+06 1.421056711458121892e+06 1.668946468090562616e+06 2.009677674245386384e+06 2.492698369348842651e+06 3.177579406702665146e+06 4.019355348490772769e+06 4.493775892476361245e+06 8.987551784952725284e+05 9.986168649947470985e+05 1.123443973119090311e+06 1.283935969278960489e+06 1.497925297492120648e+06 1.797510356990545057e+06 2.246887946238180622e+06 2.995850594984242227e+06 4.493775892476361245e+06 8.987551784952731803e+06 6.337112604182142019e+07
