66 66
1.256753e-10 0.000000e+00 0.000000e+00 0.000000e+00 3.975940e-11 3.540644e-11 0.000000e+00 0.000000e+00 0.000000e+00 0.000000e+00 0.000000e+00 0.000000e+00 3.376087e-11 0.000000e+00 0.000000e+00 0.000000e+00 0.000000e+00 0.000000e+00 0.000000e+00 2.596934e-11 2.254911e-11 0.000000e+00 0.000000e+00 0.000000e+00 0.000000e+00 0.000000e+00 0.000000e+00 2.183817e-11 0.000000e+00 0.000000e+00 0.000000e+00 1.806011e-11 1.599262e-11 2.399764e-10 1.495835e-10 0.000000e+00 0.000000e+00 0.000000e+00 4.692661e-11 0.000000e+00 0.000000e+00 0.000000e+00 0.000000e+00 0.000000e+00 0.000000e+00 3.021105e-11 2.653576e-11 0.000000e+00 0.000000e+00 0.000000e+00 0.000000e+00 0.000000e+00 0.000000e+00 2.803977e-11 0.000000e+00 0.000000e+00 0.000000e+00 0.000000e+00 0.000000e+00 0.000000e+00 2.023700e-11 1.800377e-11 0.000000e+00 0.000000e+00 0.000000e+00 2.518483e-11
0.000000e+00 8.170038e-10 1.270003e-10 6.350013e-11 0.000000e+00 0.000000e+00 -4.719927e-11 -6.167678e-11 -7.055570e-11 -6.167678e-11 -4.719927e-11 -3.630061e-11 0.000000e+00 3.094807e-11 3.690870e-11 4.271481e-11 4.535723e-11 4.271481e-11 3.690870e-11 0.000000e+00 0.000000e+00 -2.531916e-11 -2.697862e-11 -2.760875e-11 -2.697862e-11 -2.531916e-11 -2.312538e-11 0.000000e+00 1.999075e-11 2.135740e-11 2.232546e-11 0.000000e+00 0.000000e+00 0.000000e+00 0.000000e+00 2.245069e-10 1.761177e-10 7.700521e-11 0.000000e+00 -5.973589e-11 -8.337975e-11 -8.722413e-11 -6.414481e-11 -4.570839e-11 -3.453952e-11 0.000000e+00 0.000000e+00 2.720047e-11 3.175006e-11 3.636007e-11 3.938111e-11 3.900782e-11 3.549765e-11 0.000000e+00 -2.825719e-11 -2.993425e-11 -3.010195e-11 -2.868643e-11 -2.625407e-11 -2.350245e-11 0.000000e+00 0.000000e+00 1.841551e-11 1.965280e-11 2.061301e-11 0.000000e+00
0.000000e+00 1.270003e-10 8.170038e-10 1.270003e-10 0.000000e+00 0.000000e+00 -6.167678e-11 -7.055570e-11 -6.167678e-11 -4.719927e-11 -3.630061e-11 -2.895357e-11 0.000000e+00 2.601067e-11 3.094807e-11 3.690870e-11 4.271481e-11 4.535723e-11 4.271481e-11 0.000000e+00 0.000000e+00 -2.697862e-11 -2.760875e-11 -2.697862e-11 -2.531916e-11 -2.312538e-11 -2.083372e-11 0.000000e+00 1.845435e-11 1.999075e-11 2.135740e-11 0.000000e+00 0.000000e+00 0.000000e+00 0.000000e+00 8.722413e-11 2.245069e-10 1.761177e-10 0.000000e+00 -8.337975e-11 -8.722413e-11 -6.414481e-11 -4.570839e-11 -3.453952e-11 -2.750496e-11 0.000000e+00 0.000000e+00 2.334311e-11 2.720047e-11 3.175006e-11 3.636007e-11 3.938111e-11 3.900782e-11 0.000000e+00 -2.993425e-11 -3.010195e-11 -2.868643e-11 -2.625407e-11 -2.350245e-11 -2.087871e-11 0.000000e+00 0.000000e+00 1.706894e-11 1.841551e-11 1.965280e-11 0.000000e+00
0.000000e+00 6.350013e-11 1.270003e-10 8.170038e-10 0.000000e+00 0.000000e+00 -7.055570e-11 -6.167678e-11 -4.719927e-11 -3.630061e-11 -2.895357e-11 -2.389859e-11 0.000000e+00 2.216170e-11 2.601067e-11 3.094807e-11 3.690870e-11 4.271481e-11 4.535723e-11 0.000000e+00 0.000000e+00 -2.760875e-11 -2.697862e-11 -2.531916e-11 -2.312538e-11 -2.083372e-11 -1.869269e-11 0.000000e+00 1.691683e-11 1.845435e-11 1.999075e-11 0.000000e+00 0.000000e+00 0.000000e+00 0.000000e+00 5.219678e-11 8.722413e-11 2.245069e-10 0.000000e+00 -8.722413e-11 -6.414481e-11 -4.570839e-11 -3.453952e-11 -2.750496e-11 -2.276590e-11 0.000000e+00 0.000000e+00 2.023282e-11 2.334311e-11 2.720047e-11 3.175006e-11 3.636007e-11 3.938111e-11 0.000000e+00 -3.010195e-11 -2.868643e-11 -2.625407e-11 -2.350245e-11 -2.087871e-11 -1.856443e-11 0.000000e+00 0.000000e+00 1.573309e-11 1.706894e-11 1.841551e-11 0.000000e+00
3.975940e-11 0.000000e+00 0.000000e+00 0.000000e+00 1.101179e-10 1.143002e-10 0.000000e+00 0.000000e+00 0.000000e+00 0.000000e+00 0.000000e+00 0.000000e+00 1.820434e-11 0.000000e+00 0.000000e+00 0.000000e+00 0.000000e+00 0.000000e+00 0.000000e+00 3.673936e-11 2.780276e-11 0.000000e+00 0.000000e+00 0.000000e+00 0.000000e+00 0.000000e+00 0.000000e+00 1.505744e-11 0.000000e+00 0.000000e+00 0.000000e+00 1.534613e-11 1.370142e-11 2.383037e-11 2.501859e-11 0.000000e+00 0.000000e+00 0.000000e+00 1.898423e-10 0.000000e+00 0.000000e+00 0.000000e+00 0.000000e+00 0.000000e+00 0.000000e+00 1.570217e-11 1.512634e-11 0.000000e+00 0.000000e+00 0.000000e+00 0.000000e+00 0.000000e+00 0.000000e+00 3.490592e-11 0.000000e+00 0.000000e+00 0.000000e+00 0.000000e+00 0.000000e+00 0.000000e+00 1.343819e-11 1.257041e-11 0.000000e+00 0.000000e+00 0.000000e+00 2.101384e-11
3.540644e-11 0.000000e+00 0.000000e+00 0.000000e+00 1.143002e-10 1.101179e-10 0.000000e+00 0.000000e+00 0.000000e+00 0.000000e+00 0.000000e+00 0.000000e+00 1.881565e-11 0.000000e+00 0.000000e+00 0.000000e+00 0.000000e+00 0.000000e+00 0.000000e+00 5.414221e-11 3.673936e-11 0.000000e+00 0.000000e+00 0.000000e+00 0.000000e+00 0.000000e+00 0.000000e+00 1.615440e-11 0.000000e+00 0.000000e+00 0.000000e+00 1.749036e-11 1.545349e-11 2.152186e-11 2.349241e-11 0.000000e+00 0.000000e+00 0.000000e+00 1.898423e-10 0.000000e+00 0.000000e+00 0.000000e+00 0.000000e+00 0.000000e+00 0.000000e+00 1.602464e-11 1.570217e-11 0.000000e+00 0.000000e+00 0.000000e+00 0.000000e+00 0.000000e+00 0.000000e+00 4.794876e-11 0.000000e+00 0.000000e+00 0.000000e+00 0.000000e+00 0.000000e+00 0.000000e+00 1.428615e-11 1.343819e-11 0.000000e+00 0.000000e+00 0.000000e+00 2.359766e-11
0.000000e+00 -4.719927e-11 -6.167678e-11 -7.055570e-11 0.000000e+00 0.000000e+00 8.170038e-10 1.270003e-10 6.350013e-11 4.233342e-11 3.175006e-11 2.540005e-11 0.000000e+00 -2.490680e-11 -3.080209e-11 -4.016101e-11 -5.679624e-11 -8.980274e-11 -1.270003e-10 0.000000e+00 0.000000e+00 4.535723e-11 4.271481e-11 3.690870e-11 3.094807e-11 2.601067e-11 2.216170e-11 0.000000e+00 -2.022256e-11 -2.301878e-11 -2.623166e-11 0.000000e+00 0.000000e+00 0.000000e+00 0.000000e+00 -4.570839e-11 -6.414481e-11 -8.722413e-11 0.000000e+00 2.245069e-10 8.722413e-11 5.219678e-11 3.709717e-11 2.874516e-11 2.345431e-11 0.000000e+00 0.000000e+00 -2.276590e-11 -2.750496e-11 -3.453952e-11 -4.570839e-11 -6.414481e-11 -8.722413e-11 0.000000e+00 5.219678e-11 4.570839e-11 3.741781e-11 3.051621e-11 2.533931e-11 2.149154e-11 0.000000e+00 0.000000e+00 -1.856443e-11 -2.087871e-11 -2.350245e-11 0.000000e+00
0.000000e+00 -6.167678e-11 -7.055570e-11 -6.167678e-11 0.000000e+00 0.000000e+00 1.270003e-10 8.170038e-10 1.270003e-10 6.350013e-11 4.233342e-11 3.175006e-11 0.000000e+00 -3.080209e-11 -4.016101e-11 -5.679624e-11 -8.980274e-11 -1.270003e-10 -8.980274e-11 0.000000e+00 0.000000e+00 4.271481e-11 4.535723e-11 4.271481e-11 3.690870e-11 3.094807e-11 2.601067e-11 0.000000e+00 -2.301878e-11 -2.623166e-11 -2.957496e-11 0.000000e+00 0.000000e+00 0.000000e+00 0.000000e+00 -6.414481e-11 -8.722413e-11 -8.337975e-11 0.000000e+00 1.761177e-10 2.245069e-10 8.722413e-11 5.219678e-11 3.709717e-11 2.874516e-11 0.000000e+00 0.000000e+00 -2.750496e-11 -3.453952e-11 -4.570839e-11 -6.414481e-11 -8.722413e-11 -8.337975e-11 0.000000e+00 5.133681e-11 5.219678e-11 4.570839e-11 3.741781e-11 3.051621e-11 2.533931e-11 0.000000e+00 0.000000e+00 -2.087871e-11 -2.350245e-11 -2.625407e-11 0.000000e+00
0.000000e+00 -7.055570e-11 -6.167678e-11 -4.719927e-11 0.000000e+00 0.000000e+00 6.350013e-11 1.270003e-10 8.170038e-10 1.270003e-10 6.350013e-11 4.233342e-11 0.000000e+00 -4.016101e-11 -5.679624e-11 -8.980274e-11 -1.270003e-10 -8.980274e-11 -5.679624e-11 0.000000e+00 0.000000e+00 3.690870e-11 4.271481e-11 4.535723e-11 4.271481e-11 3.690870e-11 3.094807e-11 0.000000e+00 -2.623166e-11 -2.957496e-11 -3.232071e-11 0.000000e+00 0.000000e+00 0.000000e+00 0.000000e+00 -8.722413e-11 -8.337975e-11 -5.973589e-11 0.000000e+00 7.700521e-11 1.761177e-10 2.245069e-10 8.722413e-11 5.219678e-11 3.709717e-11 0.000000e+00 0.000000e+00 -3.453952e-11 -4.570839e-11 -6.414481e-11 -8.722413e-11 -8.337975e-11 -5.973589e-11 0.000000e+00 4.402942e-11 5.133681e-11 5.219678e-11 4.570839e-11 3.741781e-11 3.051621e-11 0.000000e+00 0.000000e+00 -2.350245e-11 -2.625407e-11 -2.868643e-11 0.000000e+00
0.000000e+00 -6.167678e-11 -4.719927e-11 -3.630061e-11 0.000000e+00 0.000000e+00 4.233342e-11 6.350013e-11 1.270003e-10 8.170038e-10 1.270003e-10 6.350013e-11 0.000000e+00 -5.679624e-11 -8.980274e-11 -1.270003e-10 -8.980274e-11 -5.679624e-11 -4.016101e-11 0.000000e+00 0.000000e+00 3.094807e-11 3.690870e-11 4.271481e-11 4.535723e-11 4.271481e-11 3.690870e-11 0.000000e+00 -2.957496e-11 -3.232071e-11 -3.342112e-11 0.000000e+00 0.000000e+00 0.000000e+00 0.000000e+00 -8.337975e-11 -5.973589e-11 -4.300771e-11 0.000000e+00 4.827825e-11 7.700521e-11 1.761177e-10 2.245069e-10 8.722413e-11 5.219678e-11 0.000000e+00 0.000000e+00 -4.570839e-11 -6.414481e-11 -8.722413e-11 -8.337975e-11 -5.973589e-11 -4.300771e-11 0.000000e+00 3.589239e-11 4.402942e-11 5.133681e-11 5.219678e-11 4.570839e-11 3.741781e-11 0.000000e+00 0.000000e+00 -2.625407e-11 -2.868643e-11 -3.010195e-11 0.000000e+00
0.000000e+00 -4.719927e-11 -3.630061e-11 -2.895357e-11 0.000000e+00 0.000000e+00 3.175006e-11 4.233342e-11 6.350013e-11 1.270003e-10 8.170038e-10 1.270003e-10 0.000000e+00 -8.980274e-11 -1.270003e-10 -8.980274e-11 -5.679624e-11 -4.016101e-11 -3.080209e-11 0.000000e+00 0.000000e+00 2.601067e-11 3.094807e-11 3.690870e-11 4.271481e-11 4.535723e-11 4.271481e-11 0.000000e+00 -3.232071e-11 -3.342112e-11 -3.232071e-11 0.000000e+00 0.000000e+00 0.000000e+00 0.000000e+00 -5.973589e-11 -4.300771e-11 -3.287912e-11 0.000000e+00 3.506208e-11 4.827825e-11 7.700521e-11 1.761177e-10 2.245069e-10 8.722413e-11 0.000000e+00 0.000000e+00 -6.414481e-11 -8.722413e-11 -8.337975e-11 -5.973589e-11 -4.300771e-11 -3.287912e-11 0.000000e+00 2.935294e-11 3.589239e-11 4.402942e-11 5.133681e-11 5.219678e-11 4.570839e-11 0.000000e+00 0.000000e+00 -2.868643e-11 -3.010195e-11 -2.993425e-11 0.000000e+00
0.000000e+00 -3.630061e-11 -2.895357e-11 -2.389859e-11 0.000000e+00 0.000000e+00 2.540005e-11 3.175006e-11 4.233342e-11 6.350013e-11 1.270003e-10 8.170038e-10 0.000000e+00 -1.270003e-10 -8.980274e-11 -5.679624e-11 -4.016101e-11 -3.080209e-11 -2.490680e-11 0.000000e+00 0.000000e+00 2.216170e-11 2.601067e-11 3.094807e-11 3.690870e-11 4.271481e-11 4.535723e-11 0.000000e+00 -3.342112e-11 -3.232071e-11 -2.957496e-11 0.000000e+00 0.000000e+00 0.000000e+00 0.000000e+00 -4.300771e-11 -3.287912e-11 -2.641257e-11 0.000000e+00 2.750496e-11 3.506208e-11 4.827825e-11 7.700521e-11 1.761177e-10 2.245069e-10 0.000000e+00 0.000000e+00 -8.722413e-11 -8.337975e-11 -5.973589e-11 -4.300771e-11 -3.287912e-11 -2.641257e-11 0.000000e+00 2.447750e-11 2.935294e-11 3.589239e-11 4.402942e-11 5.133681e-11 5.219678e-11 0.000000e+00 0.000000e+00 -3.010195e-11 -2.993425e-11 -2.825719e-11 0.000000e+00
3.376087e-11 0.000000e+00 0.000000e+00 0.000000e+00 1.820434e-11 1.881565e-11 0.000000e+00 0.000000e+00 0.000000e+00 0.000000e+00 0.000000e+00 0.000000e+00 1.177696e-10 0.000000e+00 0.000000e+00 0.000000e+00 0.000000e+00 0.000000e+00 0.000000e+00 1.881565e-11 1.820434e-11 0.000000e+00 0.000000e+00 0.000000e+00 0.000000e+00 0.000000e+00 0.000000e+00 4.535723e-11 0.000000e+00 0.000000e+00 0.000000e+00 2.257028e-11 1.973175e-11 2.387934e-11 2.757041e-11 0.000000e+00 0.000000e+00 0.000000e+00 2.200149e-11 0.000000e+00 0.000000e+00 0.000000e+00 0.000000e+00 0.000000e+00 0.000000e+00 1.898423e-10 1.898423e-10 0.000000e+00 0.000000e+00 0.000000e+00 0.000000e+00 0.000000e+00 0.000000e+00 2.200149e-11 0.000000e+00 0.000000e+00 0.000000e+00 0.000000e+00 0.000000e+00 0.000000e+00 4.794876e-11 3.490592e-11 0.000000e+00 0.000000e+00 0.000000e+00 3.257837e-11
0.000000e+00 3.094807e-11 2.601067e-11 2.216170e-11 0.000000e+00 0.000000e+00 -2.490680e-11 -3.080209e-11 -4.016101e-11 -5.679624e-11 -8.980274e-11 -1.270003e-10 0.000000e+00 8.170038e-10 1.270003e-10 6.350013e-11 4.233342e-11 3.175006e-11 2.540005e-11 0.000000e+00 0.000000e+00 -2.389859e-11 -2.895357e-11 -3.630061e-11 -4.719927e-11 -6.167678e-11 -7.055570e-11 0.000000e+00 4.535723e-11 4.271481e-11 3.690870e-11 0.000000e+00 0.000000e+00 0.000000e+00 0.000000e+00 3.589239e-11 2.935294e-11 2.447750e-11 0.000000e+00 -2.641257e-11 -3.287912e-11 -4.300771e-11 -5.973589e-11 -8.337975e-11 -8.722413e-11 0.000000e+00 0.000000e+00 2.245069e-10 1.761177e-10 7.700521e-11 4.827825e-11 3.506208e-11 2.750496e-11 0.000000e+00 -2.641257e-11 -3.287912e-11 -4.300771e-11 -5.973589e-11 -8.337975e-11 -8.722413e-11 0.000000e+00 0.000000e+00 3.938111e-11 3.900782e-11 3.549765e-11 0.000000e+00
0.000000e+00 3.690870e-11 3.094807e-11 2.601067e-11 0.000000e+00 0.000000e+00 -3.080209e-11 -4.016101e-11 -5.679624e-11 -8.980274e-11 -1.270003e-10 -8.980274e-11 0.000000e+00 1.270003e-10 8.170038e-10 1.270003e-10 6.350013e-11 4.233342e-11 3.175006e-11 0.000000e+00 0.000000e+00 -2.895357e-11 -3.630061e-11 -4.719927e-11 -6.167678e-11 -7.055570e-11 -6.167678e-11 0.000000e+00 4.271481e-11 4.535723e-11 4.271481e-11 0.000000e+00 0.000000e+00 0.000000e+00 0.000000e+00 4.402942e-11 3.589239e-11 2.935294e-11 0.000000e+00 -3.287912e-11 -4.300771e-11 -5.973589e-11 -8.337975e-11 -8.722413e-11 -6.414481e-11 0.000000e+00 0.000000e+00 8.722413e-11 2.245069e-10 1.761177e-10 7.700521e-11 4.827825e-11 3.506208e-11 0.000000e+00 -3.287912e-11 -4.300771e-11 -5.973589e-11 -8.337975e-11 -8.722413e-11 -6.414481e-11 0.000000e+00 0.000000e+00 3.636007e-11 3.938111e-11 3.900782e-11 0.000000e+00
0.000000e+00 4.271481e-11 3.690870e-11 3.094807e-11 0.000000e+00 0.000000e+00 -4.016101e-11 -5.679624e-11 -8.980274e-11 -1.270003e-10 -8.980274e-11 -5.679624e-11 0.000000e+00 6.350013e-11 1.270003e-10 8.170038e-10 1.270003e-10 6.350013e-11 4.233342e-11 0.000000e+00 0.000000e+00 -3.630061e-11 -4.719927e-11 -6.167678e-11 -7.055570e-11 -6.167678e-11 -4.719927e-11 0.000000e+00 3.690870e-11 4.271481e-11 4.535723e-11 0.000000e+00 0.000000e+00 0.000000e+00 0.000000e+00 5.133681e-11 4.402942e-11 3.589239e-11 0.000000e+00 -4.300771e-11 -5.973589e-11 -8.337975e-11 -8.722413e-11 -6.414481e-11 -4.570839e-11 0.000000e+00 0.000000e+00 5.219678e-11 8.722413e-11 2.245069e-10 1.761177e-10 7.700521e-11 4.827825e-11 0.000000e+00 -4.300771e-11 -5.973589e-11 -8.337975e-11 -8.722413e-11 -6.414481e-11 -4.570839e-11 0.000000e+00 0.000000e+00 3.175006e-11 3.636007e-11 3.938111e-11 0.000000e+00
0.000000e+00 4.535723e-11 4.271481e-11 3.690870e-11 0.000000e+00 0.000000e+00 -5.679624e-11 -8.980274e-11 -1.270003e-10 -8.980274e-11 -5.679624e-11 -4.016101e-11 0.000000e+00 4.233342e-11 6.350013e-11 1.270003e-10 8.170038e-10 1.270003e-10 6.350013e-11 0.000000e+00 0.000000e+00 -4.719927e-11 -6.167678e-11 -7.055570e-11 -6.167678e-11 -4.719927e-11 -3.630061e-11 0.000000e+00 3.094807e-11 3.690870e-11 4.271481e-11 0.000000e+00 0.000000e+00 0.000000e+00 0.000000e+00 5.219678e-11 5.133681e-11 4.402942e-11 0.000000e+00 -5.973589e-11 -8.337975e-11 -8.722413e-11 -6.414481e-11 -4.570839e-11 -3.453952e-11 0.000000e+00 0.000000e+00 3.709717e-11 5.219678e-11 8.722413e-11 2.245069e-10 1.761177e-10 7.700521e-11 0.000000e+00 -5.973589e-11 -8.337975e-11 -8.722413e-11 -6.414481e-11 -4.570839e-11 -3.453952e-11 0.000000e+00 0.000000e+00 2.720047e-11 3.175006e-11 3.636007e-11 0.000000e+00
0.000000e+00 4.271481e-11 4.535723e-11 4.271481e-11 0.000000e+00 0.000000e+00 -8.980274e-11 -1.270003e-10 -8.980274e-11 -5.679624e-11 -4.016101e-11 -3.080209e-11 0.000000e+00 3.175006e-11 4.233342e-11 6.350013e-11 1.270003e-10 8.170038e-10 1.270003e-10 0.000000e+00 0.000000e+00 -6.167678e-11 -7.055570e-11 -6.167678e-11 -4.719927e-11 -3.630061e-11 -2.895357e-11 0.000000e+00 2.601067e-11 3.094807e-11 3.690870e-11 0.000000e+00 0.000000e+00 0.000000e+00 0.000000e+00 4.570839e-11 5.219678e-11 5.133681e-11 0.000000e+00 -8.337975e-11 -8.722413e-11 -6.414481e-11 -4.570839e-11 -3.453952e-11 -2.750496e-11 0.000000e+00 0.000000e+00 2.874516e-11 3.709717e-11 5.219678e-11 8.722413e-11 2.245069e-10 1.761177e-10 0.000000e+00 -8.337975e-11 -8.722413e-11 -6.414481e-11 -4.570839e-11 -3.453952e-11 -2.750496e-11 0.000000e+00 0.000000e+00 2.334311e-11 2.720047e-11 3.175006e-11 0.000000e+00
0.000000e+00 3.690870e-11 4.271481e-11 4.535723e-11 0.000000e+00 0.000000e+00 -1.270003e-10 -8.980274e-11 -5.679624e-11 -4.016101e-11 -3.080209e-11 -2.490680e-11 0.000000e+00 2.540005e-11 3.175006e-11 4.233342e-11 6.350013e-11 1.270003e-10 8.170038e-10 0.000000e+00 0.000000e+00 -7.055570e-11 -6.167678e-11 -4.719927e-11 -3.630061e-11 -2.895357e-11 -2.389859e-11 0.000000e+00 2.216170e-11 2.601067e-11 3.094807e-11 0.000000e+00 0.000000e+00 0.000000e+00 0.000000e+00 3.741781e-11 4.570839e-11 5.219678e-11 0.000000e+00 -8.722413e-11 -6.414481e-11 -4.570839e-11 -3.453952e-11 -2.750496e-11 -2.276590e-11 0.000000e+00 0.000000e+00 2.345431e-11 2.874516e-11 3.709717e-11 5.219678e-11 8.722413e-11 2.245069e-10 0.000000e+00 -8.722413e-11 -6.414481e-11 -4.570839e-11 -3.453952e-11 -2.750496e-11 -2.276590e-11 0.000000e+00 0.000000e+00 2.023282e-11 2.334311e-11 2.720047e-11 0.000000e+00
2.596934e-11 0.000000e+00 0.000000e+00 0.000000e+00 3.673936e-11 5.414221e-11 0.000000e+00 0.000000e+00 0.000000e+00 0.000000e+00 0.000000e+00 0.000000e+00 1.881565e-11 0.000000e+00 0.000000e+00 0.000000e+00 0.000000e+00 0.000000e+00 0.000000e+00 1.101179e-10 1.143002e-10 0.000000e+00 0.000000e+00 0.000000e+00 0.000000e+00 0.000000e+00 0.000000e+00 1.820434e-11 0.000000e+00 0.000000e+00 0.000000e+00 2.377386e-11 2.064767e-11 1.638873e-11 1.829305e-11 0.000000e+00 0.000000e+00 0.000000e+00 4.794876e-11 0.000000e+00 0.000000e+00 0.000000e+00 0.000000e+00 0.000000e+00 0.000000e+00 1.570217e-11 1.602464e-11 0.000000e+00 0.000000e+00 0.000000e+00 0.000000e+00 0.000000e+00 0.000000e+00 1.898423e-10 0.000000e+00 0.000000e+00 0.000000e+00 0.000000e+00 0.000000e+00 0.000000e+00 1.570217e-11 1.512634e-11 0.000000e+00 0.000000e+00 0.000000e+00 3.090271e-11
2.254911e-11 0.000000e+00 0.000000e+00 0.000000e+00 2.780276e-11 3.673936e-11 0.000000e+00 0.000000e+00 0.000000e+00 0.000000e+00 0.000000e+00 0.000000e+00 1.820434e-11 0.000000e+00 0.000000e+00 0.000000e+00 0.000000e+00 0.000000e+00 0.000000e+00 1.143002e-10 1.101179e-10 0.000000e+00 0.000000e+00 0.000000e+00 0.000000e+00 0.000000e+00 0.000000e+00 1.881565e-11 0.000000e+00 0.000000e+00 0.000000e+00 2.746248e-11 2.397204e-11 1.442326e-11 1.603653e-11 0.000000e+00 0.000000e+00 0.000000e+00 3.490592e-11 0.000000e+00 0.000000e+00 0.000000e+00 0.000000e+00 0.000000e+00 0.000000e+00 1.512634e-11 1.570217e-11 0.000000e+00 0.000000e+00 0.000000e+00 0.000000e+00 0.000000e+00 0.000000e+00 1.898423e-10 0.000000e+00 0.000000e+00 0.000000e+00 0.000000e+00 0.000000e+00 0.000000e+00 1.602464e-11 1.570217e-11 0.000000e+00 0.000000e+00 0.000000e+00 3.520939e-11
0.000000e+00 -2.531916e-11 -2.697862e-11 -2.760875e-11 0.000000e+00 0.000000e+00 4.535723e-11 4.271481e-11 3.690870e-11 3.094807e-11 2.601067e-11 2.216170e-11 0.000000e+00 -2.389859e-11 -2.895357e-11 -3.630061e-11 -4.719927e-11 -6.167678e-11 -7.055570e-11 0.000000e+00 0.000000e+00 8.170038e-10 1.270003e-10 6.350013e-11 4.233342e-11 3.175006e-11 2.540005e-11 0.000000e+00 -2.490680e-11 -3.080209e-11 -4.016101e-11 0.000000e+00 0.000000e+00 0.000000e+00 0.000000e+00 -2.625407e-11 -2.868643e-11 -3.010195e-11 0.000000e+00 3.938111e-11 3.636007e-11 3.175006e-11 2.720047e-11 2.334311e-11 2.023282e-11 0.000000e+00 0.000000e+00 -2.276590e-11 -2.750496e-11 -3.453952e-11 -4.570839e-11 -6.414481e-11 -8.722413e-11 0.000000e+00 2.245069e-10 8.722413e-11 5.219678e-11 3.709717e-11 2.874516e-11 2.345431e-11 0.000000e+00 0.000000e+00 -2.276590e-11 -2.750496e-11 -3.453952e-11 0.000000e+00
0.000000e+00 -2.697862e-11 -2.760875e-11 -2.697862e-11 0.000000e+00 0.000000e+00 4.271481e-11 4.535723e-11 4.271481e-11 3.690870e-11 3.094807e-11 2.601067e-11 0.000000e+00 -2.895357e-11 -3.630061e-11 -4.719927e-11 -6.167678e-11 -7.055570e-11 -6.167678e-11 0.000000e+00 0.000000e+00 1.270003e-10 8.170038e-10 1.270003e-10 6.350013e-11 4.233342e-11 3.175006e-11 0.000000e+00 -3.080209e-11 -4.016101e-11 -5.679624e-11 0.000000e+00 0.000000e+00 0.000000e+00 0.000000e+00 -2.868643e-11 -3.010195e-11 -2.993425e-11 0.000000e+00 3.900782e-11 3.938111e-11 3.636007e-11 3.175006e-11 2.720047e-11 2.334311e-11 0.000000e+00 0.000000e+00 -2.750496e-11 -3.453952e-11 -4.570839e-11 -6.414481e-11 -8.722413e-11 -8.337975e-11 0.000000e+00 1.761177e-10 2.245069e-10 8.722413e-11 5.219678e-11 3.709717e-11 2.874516e-11 0.000000e+00 0.000000e+00 -2.750496e-11 -3.453952e-11 -4.570839e-11 0.000000e+00
0.000000e+00 -2.760875e-11 -2.697862e-11 -2.531916e-11 0.000000e+00 0.000000e+00 3.690870e-11 4.271481e-11 4.535723e-11 4.271481e-11 3.690870e-11 3.094807e-11 0.000000e+00 -3.630061e-11 -4.719927e-11 -6.167678e-11 -7.055570e-11 -6.167678e-11 -4.719927e-11 0.000000e+00 0.000000e+00 6.350013e-11 1.270003e-10 8.170038e-10 1.270003e-10 6.350013e-11 4.233342e-11 0.000000e+00 -4.016101e-11 -5.679624e-11 -8.980274e-11 0.000000e+00 0.000000e+00 0.000000e+00 0.000000e+00 -3.010195e-11 -2.993425e-11 -2.825719e-11 0.000000e+00 3.549765e-11 3.900782e-11 3.938111e-11 3.636007e-11 3.175006e-11 2.720047e-11 0.000000e+00 0.000000e+00 -3.453952e-11 -4.570839e-11 -6.414481e-11 -8.722413e-11 -8.337975e-11 -5.973589e-11 0.000000e+00 7.700521e-11 1.761177e-10 2.245069e-10 8.722413e-11 5.219678e-11 3.709717e-11 0.000000e+00 0.000000e+00 -3.453952e-11 -4.570839e-11 -6.414481e-11 0.000000e+00
0.000000e+00 -2.697862e-11 -2.531916e-11 -2.312538e-11 0.000000e+00 0.000000e+00 3.094807e-11 3.690870e-11 4.271481e-11 4.535723e-11 4.271481e-11 3.690870e-11 0.000000e+00 -4.719927e-11 -6.167678e-11 -7.055570e-11 -6.167678e-11 -4.719927e-11 -3.630061e-11 0.000000e+00 0.000000e+00 4.233342e-11 6.350013e-11 1.270003e-10 8.170038e-10 1.270003e-10 6.350013e-11 0.000000e+00 -5.679624e-11 -8.980274e-11 -1.270003e-10 0.000000e+00 0.000000e+00 0.000000e+00 0.000000e+00 -2.993425e-11 -2.825719e-11 -2.571045e-11 0.000000e+00 3.080209e-11 3.549765e-11 3.900782e-11 3.938111e-11 3.636007e-11 3.175006e-11 0.000000e+00 0.000000e+00 -4.570839e-11 -6.414481e-11 -8.722413e-11 -8.337975e-11 -5.973589e-11 -4.300771e-11 0.000000e+00 4.827825e-11 7.700521e-11 1.761177e-10 2.245069e-10 8.722413e-11 5.219678e-11 0.000000e+00 0.000000e+00 -4.570839e-11 -6.414481e-11 -8.722413e-11 0.000000e+00
0.000000e+00 -2.531916e-11 -2.312538e-11 -2.083372e-11 0.000000e+00 0.000000e+00 2.601067e-11 3.094807e-11 3.690870e-11 4.271481e-11 4.535723e-11 4.271481e-11 0.000000e+00 -6.167678e-11 -7.055570e-11 -6.167678e-11 -4.719927e-11 -3.630061e-11 -2.895357e-11 0.000000e+00 0.000000e+00 3.175006e-11 4.233342e-11 6.350013e-11 1.270003e-10 8.170038e-10 1.270003e-10 0.000000e+00 -8.980274e-11 -1.270003e-10 -8.980274e-11 0.000000e+00 0.000000e+00 0.000000e+00 0.000000e+00 -2.825719e-11 -2.571045e-11 -2.295852e-11 0.000000e+00 2.636699e-11 3.080209e-11 3.549765e-11 3.900782e-11 3.938111e-11 3.636007e-11 0.000000e+00 0.000000e+00 -6.414481e-11 -8.722413e-11 -8.337975e-11 -5.973589e-11 -4.300771e-11 -3.287912e-11 0.000000e+00 3.506208e-11 4.827825e-11 7.700521e-11 1.761177e-10 2.245069e-10 8.722413e-11 0.000000e+00 0.000000e+00 -6.414481e-11 -8.722413e-11 -8.337975e-11 0.000000e+00
0.000000e+00 -2.312538e-11 -2.083372e-11 -1.869269e-11 0.000000e+00 0.000000e+00 2.216170e-11 2.601067e-11 3.094807e-11 3.690870e-11 4.271481e-11 4.535723e-11 0.000000e+00 -7.055570e-11 -6.167678e-11 -4.719927e-11 -3.630061e-11 -2.895357e-11 -2.389859e-11 0.000000e+00 0.000000e+00 2.540005e-11 3.175006e-11 4.233342e-11 6.350013e-11 1.270003e-10 8.170038e-10 0.000000e+00 -1.270003e-10 -8.980274e-11 -5.679624e-11 0.000000e+00 0.000000e+00 0.000000e+00 0.000000e+00 -2.571045e-11 -2.295852e-11 -2.038866e-11 0.000000e+00 2.266417e-11 2.636699e-11 3.080209e-11 3.549765e-11 3.900782e-11 3.938111e-11 0.000000e+00 0.000000e+00 -8.722413e-11 -8.337975e-11 -5.973589e-11 -4.300771e-11 -3.287912e-11 -2.641257e-11 0.000000e+00 2.750496e-11 3.506208e-11 4.827825e-11 7.700521e-11 1.761177e-10 2.245069e-10 0.000000e+00 0.000000e+00 -8.722413e-11 -8.337975e-11 -5.973589e-11 0.000000e+00
2.183817e-11 0.000000e+00 0.000000e+00 0.000000e+00 1.505744e-11 1.615440e-11 0.000000e+00 0.000000e+00 0.000000e+00 0.000000e+00 0.000000e+00 0.000000e+00 4.535723e-11 0.000000e+00 0.000000e+00 0.000000e+00 0.000000e+00 0.000000e+00 0.000000e+00 1.820434e-11 1.881565e-11 0.000000e+00 0.000000e+00 0.000000e+00 0.000000e+00 0.000000e+00 0.000000e+00 1.177696e-10 0.000000e+00 0.000000e+00 0.000000e+00 3.438598e-11 3.096879e-11 1.493202e-11 1.670397e-11 0.000000e+00 0.000000e+00 0.000000e+00 1.814289e-11 0.000000e+00 0.000000e+00 0.000000e+00 0.000000e+00 0.000000e+00 0.000000e+00 3.490592e-11 4.794876e-11 0.000000e+00 0.000000e+00 0.000000e+00 0.000000e+00 0.000000e+00 0.000000e+00 2.200149e-11 0.000000e+00 0.000000e+00 0.000000e+00 0.000000e+00 0.000000e+00 0.000000e+00 1.898423e-10 1.898423e-10 0.000000e+00 0.000000e+00 0.000000e+00 5.454324e-11
0.000000e+00 1.999075e-11 1.845435e-11 1.691683e-11 0.000000e+00 0.000000e+00 -2.022256e-11 -2.301878e-11 -2.623166e-11 -2.957496e-11 -3.232071e-11 -3.342112e-11 0.000000e+00 4.535723e-11 4.271481e-11 3.690870e-11 3.094807e-11 2.601067e-11 2.216170e-11 0.000000e+00 0.000000e+00 -2.490680e-11 -3.080209e-11 -4.016101e-11 -5.679624e-11 -8.980274e-11 -1.270003e-10 0.000000e+00 8.170038e-10 1.270003e-10 6.350013e-11 0.000000e+00 0.000000e+00 0.000000e+00 0.000000e+00 2.184471e-11 2.008050e-11 1.829284e-11 0.000000e+00 -2.038866e-11 -2.295852e-11 -2.571045e-11 -2.825719e-11 -2.993425e-11 -3.010195e-11 0.000000e+00 0.000000e+00 5.219678e-11 5.133681e-11 4.402942e-11 3.589239e-11 2.935294e-11 2.447750e-11 0.000000e+00 -2.641257e-11 -3.287912e-11 -4.300771e-11 -5.973589e-11 -8.337975e-11 -8.722413e-11 0.000000e+00 0.000000e+00 2.245069e-10 1.761177e-10 7.700521e-11 0.000000e+00
0.000000e+00 2.135740e-11 1.999075e-11 1.845435e-11 0.000000e+00 0.000000e+00 -2.301878e-11 -2.623166e-11 -2.957496e-11 -3.232071e-11 -3.342112e-11 -3.232071e-11 0.000000e+00 4.271481e-11 4.535723e-11 4.271481e-11 3.690870e-11 3.094807e-11 2.601067e-11 0.000000e+00 0.000000e+00 -3.080209e-11 -4.016101e-11 -5.679624e-11 -8.980274e-11 -1.270003e-10 -8.980274e-11 0.000000e+00 1.270003e-10 8.170038e-10 1.270003e-10 0.000000e+00 0.000000e+00 0.000000e+00 0.000000e+00 2.334311e-11 2.184471e-11 2.008050e-11 0.000000e+00 -2.295852e-11 -2.571045e-11 -2.825719e-11 -2.993425e-11 -3.010195e-11 -2.868643e-11 0.000000e+00 0.000000e+00 4.570839e-11 5.219678e-11 5.133681e-11 4.402942e-11 3.589239e-11 2.935294e-11 0.000000e+00 -3.287912e-11 -4.300771e-11 -5.973589e-11 -8.337975e-11 -8.722413e-11 -6.414481e-11 0.000000e+00 0.000000e+00 8.722413e-11 2.245069e-10 1.761177e-10 0.000000e+00
0.000000e+00 2.232546e-11 2.135740e-11 1.999075e-11 0.000000e+00 0.000000e+00 -2.623166e-11 -2.957496e-11 -3.232071e-11 -3.342112e-11 -3.232071e-11 -2.957496e-11 0.000000e+00 3.690870e-11 4.271481e-11 4.535723e-11 4.271481e-11 3.690870e-11 3.094807e-11 0.000000e+00 0.000000e+00 -4.016101e-11 -5.679624e-11 -8.980274e-11 -1.270003e-10 -8.980274e-11 -5.679624e-11 0.000000e+00 6.350013e-11 1.270003e-10 8.170038e-10 0.000000e+00 0.000000e+00 0.000000e+00 0.000000e+00 2.426215e-11 2.334311e-11 2.184471e-11 0.000000e+00 -2.571045e-11 -2.825719e-11 -2.993425e-11 -3.010195e-11 -2.868643e-11 -2.625407e-11 0.000000e+00 0.000000e+00 3.741781e-11 4.570839e-11 5.219678e-11 5.133681e-11 4.402942e-11 3.589239e-11 0.000000e+00 -4.300771e-11 -5.973589e-11 -8.337975e-11 -8.722413e-11 -6.414481e-11 -4.570839e-11 0.000000e+00 0.000000e+00 5.219678e-11 8.722413e-11 2.245069e-10 0.000000e+00
1.806011e-11 0.000000e+00 0.000000e+00 0.000000e+00 1.534613e-11 1.749036e-11 0.000000e+00 0.000000e+00 0.000000e+00 0.000000e+00 0.000000e+00 0.000000e+00 2.257028e-11 0.000000e+00 0.000000e+00 0.000000e+00 0.000000e+00 0.000000e+00 0.000000e+00 2.377386e-11 2.746248e-11 0.000000e+00 0.000000e+00 0.000000e+00 0.000000e+00 0.000000e+00 0.000000e+00 3.438598e-11 0.000000e+00 0.000000e+00 0.000000e+00 1.064120e-10 1.079502e-10 1.197346e-11 1.346389e-11 0.000000e+00 0.000000e+00 0.000000e+00 1.878443e-11 0.000000e+00 0.000000e+00 0.000000e+00 0.000000e+00 0.000000e+00 0.000000e+00 1.804418e-11 2.058039e-11 0.000000e+00 0.000000e+00 0.000000e+00 0.000000e+00 0.000000e+00 0.000000e+00 3.094969e-11 0.000000e+00 0.000000e+00 0.000000e+00 0.000000e+00 0.000000e+00 0.000000e+00 2.649078e-11 2.830021e-11 0.000000e+00 0.000000e+00 0.000000e+00 1.891206e-10
1.599262e-11 0.000000e+00 0.000000e+00 0.000000e+00 1.370142e-11 1.545349e-11 0.000000e+00 0.000000e+00 0.000000e+00 0.000000e+00 0.000000e+00 0.000000e+00 1.973175e-11 0.000000e+00 0.000000e+00 0.000000e+00 0.000000e+00 0.000000e+00 0.000000e+00 2.064767e-11 2.397204e-11 0.000000e+00 0.000000e+00 0.000000e+00 0.000000e+00 0.000000e+00 0.000000e+00 3.096879e-11 0.000000e+00 0.000000e+00 0.000000e+00 1.079502e-10 1.064120e-10 1.063826e-11 1.179927e-11 0.000000e+00 0.000000e+00 0.000000e+00 1.656648e-11 0.000000e+00 0.000000e+00 0.000000e+00 0.000000e+00 0.000000e+00 0.000000e+00 1.601325e-11 1.817474e-11 0.000000e+00 0.000000e+00 0.000000e+00 0.000000e+00 0.000000e+00 0.000000e+00 2.630537e-11 0.000000e+00 0.000000e+00 0.000000e+00 0.000000e+00 0.000000e+00 0.000000e+00 2.391026e-11 2.662473e-11 0.000000e+00 0.000000e+00 0.000000e+00 3.057820e-10
2.399764e-10 0.000000e+00 0.000000e+00 0.000000e+00 2.383037e-11 2.152186e-11 0.000000e+00 0.000000e+00 0.000000e+00 0.000000e+00 0.000000e+00 0.000000e+00 2.387934e-11 0.000000e+00 0.000000e+00 0.000000e+00 0.000000e+00 0.000000e+00 0.000000e+00 1.638873e-11 1.442326e-11 0.000000e+00 0.000000e+00 0.000000e+00 0.000000e+00 0.000000e+00 0.000000e+00 1.493202e-11 0.000000e+00 0.000000e+00 0.000000e+00 1.197346e-11 1.063826e-11 9.931031e-11 9.525019e-11 0.000000e+00 0.000000e+00 0.000000e+00 2.791758e-11 0.000000e+00 0.000000e+00 0.000000e+00 0.000000e+00 0.000000e+00 0.000000e+00 2.168304e-11 1.867317e-11 0.000000e+00 0.000000e+00 0.000000e+00 0.000000e+00 0.000000e+00 0.000000e+00 1.781681e-11 0.000000e+00 0.000000e+00 0.000000e+00 0.000000e+00 0.000000e+00 0.000000e+00 1.392652e-11 1.232523e-11 0.000000e+00 0.000000e+00 0.000000e+00 1.678986e-11
1.495835e-10 0.000000e+00 0.000000e+00 0.000000e+00 2.501859e-11 2.349241e-11 0.000000e+00 0.000000e+00 0.000000e+00 0.000000e+00 0.000000e+00 0.000000e+00 2.757041e-11 0.000000e+00 0.000000e+00 0.000000e+00 0.000000e+00 0.000000e+00 0.000000e+00 1.829305e-11 1.603653e-11 0.000000e+00 0.000000e+00 0.000000e+00 0.000000e+00 0.000000e+00 0.000000e+00 1.670397e-11 0.000000e+00 0.000000e+00 0.000000e+00 1.346389e-11 1.179927e-11 9.525019e-11 9.931031e-11 0.000000e+00 0.000000e+00 0.000000e+00 3.048006e-11 0.000000e+00 0.000000e+00 0.000000e+00 0.000000e+00 0.000000e+00 0.000000e+00 2.441270e-11 2.115180e-11 0.000000e+00 0.000000e+00 0.000000e+00 0.000000e+00 0.000000e+00 0.000000e+00 2.007799e-11 0.000000e+00 0.000000e+00 0.000000e+00 0.000000e+00 0.000000e+00 0.000000e+00 1.555029e-11 1.363543e-11 0.000000e+00 0.000000e+00 0.000000e+00 1.869060e-11
0.000000e+00 2.245069e-10 8.722413e-11 5.219678e-11 0.000000e+00 0.000000e+00 -4.570839e-11 -6.414481e-11 -8.722413e-11 -8.337975e-11 -5.973589e-11 -4.300771e-11 0.000000e+00 3.589239e-11 4.402942e-11 5.133681e-11 5.219678e-11 4.570839e-11 3.741781e-11 0.000000e+00 0.000000e+00 -2.625407e-11 -2.868643e-11 -3.010195e-11 -2.993425e-11 -2.825719e-11 -2.571045e-11 0.000000e+00 2.184471e-11 2.334311e-11 2.426215e-11 0.000000e+00 0.000000e+00 0.000000e+00 0.000000e+00 8.170038e-10 1.270003e-10 6.350013e-11 0.000000e+00 -5.679624e-11 -8.980274e-11 -1.270003e-10 -8.980274e-11 -5.679624e-11 -4.016101e-11 0.000000e+00 0.000000e+00 3.094807e-11 3.690870e-11 4.271481e-11 4.535723e-11 4.271481e-11 3.690870e-11 0.000000e+00 -2.957496e-11 -3.232071e-11 -3.342112e-11 -3.232071e-11 -2.957496e-11 -2.623166e-11 0.000000e+00 0.000000e+00 1.999075e-11 2.135740e-11 2.232546e-11 0.000000e+00
0.000000e+00 1.761177e-10 2.245069e-10 8.722413e-11 0.000000e+00 0.000000e+00 -6.414481e-11 -8.722413e-11 -8.337975e-11 -5.973589e-11 -4.300771e-11 -3.287912e-11 0.000000e+00 2.935294e-11 3.589239e-11 4.402942e-11 5.133681e-11 5.219678e-11 4.570839e-11 0.000000e+00 0.000000e+00 -2.868643e-11 -3.010195e-11 -2.993425e-11 -2.825719e-11 -2.571045e-11 -2.295852e-11 0.000000e+00 2.008050e-11 2.184471e-11 2.334311e-11 0.000000e+00 0.000000e+00 0.000000e+00 0.000000e+00 1.270003e-10 8.170038e-10 1.270003e-10 0.000000e+00 -8.980274e-11 -1.270003e-10 -8.980274e-11 -5.679624e-11 -4.016101e-11 -3.080209e-11 0.000000e+00 0.000000e+00 2.601067e-11 3.094807e-11 3.690870e-11 4.271481e-11 4.535723e-11 4.271481e-11 0.000000e+00 -3.232071e-11 -3.342112e-11 -3.232071e-11 -2.957496e-11 -2.623166e-11 -2.301878e-11 0.000000e+00 0.000000e+00 1.845435e-11 1.999075e-11 2.135740e-11 0.000000e+00
0.000000e+00 7.700521e-11 1.761177e-10 2.245069e-10 0.000000e+00 0.000000e+00 -8.722413e-11 -8.337975e-11 -5.973589e-11 -4.300771e-11 -3.287912e-11 -2.641257e-11 0.000000e+00 2.447750e-11 2.935294e-11 3.589239e-11 4.402942e-11 5.133681e-11 5.219678e-11 0.000000e+00 0.000000e+00 -3.010195e-11 -2.993425e-11 -2.825719e-11 -2.571045e-11 -2.295852e-11 -2.038866e-11 0.000000e+00 1.829284e-11 2.008050e-11 2.184471e-11 0.000000e+00 0.000000e+00 0.000000e+00 0.000000e+00 6.350013e-11 1.270003e-10 8.170038e-10 0.000000e+00 -1.270003e-10 -8.980274e-11 -5.679624e-11 -4.016101e-11 -3.080209e-11 -2.490680e-11 0.000000e+00 0.000000e+00 2.216170e-11 2.601067e-11 3.094807e-11 3.690870e-11 4.271481e-11 4.535723e-11 0.000000e+00 -3.342112e-11 -3.232071e-11 -2.957496e-11 -2.623166e-11 -2.301878e-11 -2.022256e-11 0.000000e+00 0.000000e+00 1.691683e-11 1.845435e-11 1.999075e-11 0.000000e+00
4.692661e-11 0.000000e+00 0.000000e+00 0.000000e+00 1.898423e-10 1.898423e-10 0.000000e+00 0.000000e+00 0.000000e+00 0.000000e+00 0.000000e+00 0.000000e+00 2.200149e-11 0.000000e+00 0.000000e+00 0.000000e+00 0.000000e+00 0.000000e+00 0.000000e+00 4.794876e-11 3.490592e-11 0.000000e+00 0.000000e+00 0.000000e+00 0.000000e+00 0.000000e+00 0.000000e+00 1.814289e-11 0.000000e+00 0.000000e+00 0.000000e+00 1.878443e-11 1.656648e-11 2.791758e-11 3.048006e-11 0.000000e+00 0.000000e+00 0.000000e+00 1.177696e-10 0.000000e+00 0.000000e+00 0.000000e+00 0.000000e+00 0.000000e+00 0.000000e+00 1.881565e-11 1.820434e-11 0.000000e+00 0.000000e+00 0.000000e+00 0.000000e+00 0.000000e+00 0.000000e+00 4.535723e-11 0.000000e+00 0.000000e+00 0.000000e+00 0.000000e+00 0.000000e+00 0.000000e+00 1.615440e-11 1.505744e-11 0.000000e+00 0.000000e+00 0.000000e+00 2.545660e-11
0.000000e+00 -5.973589e-11 -8.337975e-11 -8.722413e-11 0.000000e+00 0.000000e+00 2.245069e-10 1.761177e-10 7.700521e-11 4.827825e-11 3.506208e-11 2.750496e-11 0.000000e+00 -2.641257e-11 -3.287912e-11 -4.300771e-11 -5.973589e-11 -8.337975e-11 -8.722413e-11 0.000000e+00 0.000000e+00 3.938111e-11 3.900782e-11 3.549765e-11 3.080209e-11 2.636699e-11 2.266417e-11 0.000000e+00 -2.038866e-11 -2.295852e-11 -2.571045e-11 0.000000e+00 0.000000e+00 0.000000e+00 0.000000e+00 -5.679624e-11 -8.980274e-11 -1.270003e-10 0.000000e+00 8.170038e-10 1.270003e-10 6.350013e-11 4.233342e-11 3.175006e-11 2.540005e-11 0.000000e+00 0.000000e+00 -2.389859e-11 -2.895357e-11 -3.630061e-11 -4.719927e-11 -6.167678e-11 -7.055570e-11 0.000000e+00 4.535723e-11 4.271481e-11 3.690870e-11 3.094807e-11 2.601067e-11 2.216170e-11 0.000000e+00 0.000000e+00 -1.869269e-11 -2.083372e-11 -2.312538e-11 0.000000e+00
0.000000e+00 -8.337975e-11 -8.722413e-11 -6.414481e-11 0.000000e+00 0.000000e+00 8.722413e-11 2.245069e-10 1.761177e-10 7.700521e-11 4.827825e-11 3.506208e-11 0.000000e+00 -3.287912e-11 -4.300771e-11 -5.973589e-11 -8.337975e-11 -8.722413e-11 -6.414481e-11 0.000000e+00 0.000000e+00 3.636007e-11 3.938111e-11 3.900782e-11 3.549765e-11 3.080209e-11 2.636699e-11 0.000000e+00 -2.295852e-11 -2.571045e-11 -2.825719e-11 0.000000e+00 0.000000e+00 0.000000e+00 0.000000e+00 -8.980274e-11 -1.270003e-10 -8.980274e-11 0.000000e+00 1.270003e-10 8.170038e-10 1.270003e-10 6.350013e-11 4.233342e-11 3.175006e-11 0.000000e+00 0.000000e+00 -2.895357e-11 -3.630061e-11 -4.719927e-11 -6.167678e-11 -7.055570e-11 -6.167678e-11 0.000000e+00 4.271481e-11 4.535723e-11 4.271481e-11 3.690870e-11 3.094807e-11 2.601067e-11 0.000000e+00 0.000000e+00 -2.083372e-11 -2.312538e-11 -2.531916e-11 0.000000e+00
0.000000e+00 -8.722413e-11 -6.414481e-11 -4.570839e-11 0.000000e+00 0.000000e+00 5.219678e-11 8.722413e-11 2.245069e-10 1.761177e-10 7.700521e-11 4.827825e-11 0.000000e+00 -4.300771e-11 -5.973589e-11 -8.337975e-11 -8.722413e-11 -6.414481e-11 -4.570839e-11 0.000000e+00 0.000000e+00 3.175006e-11 3.636007e-11 3.938111e-11 3.900782e-11 3.549765e-11 3.080209e-11 0.000000e+00 -2.571045e-11 -2.825719e-11 -2.993425e-11 0.000000e+00 0.000000e+00 0.000000e+00 0.000000e+00 -1.270003e-10 -8.980274e-11 -5.679624e-11 0.000000e+00 6.350013e-11 1.270003e-10 8.170038e-10 1.270003e-10 6.350013e-11 4.233342e-11 0.000000e+00 0.000000e+00 -3.630061e-11 -4.719927e-11 -6.167678e-11 -7.055570e-11 -6.167678e-11 -4.719927e-11 0.000000e+00 3.690870e-11 4.271481e-11 4.535723e-11 4.271481e-11 3.690870e-11 3.094807e-11 0.000000e+00 0.000000e+00 -2.312538e-11 -2.531916e-11 -2.697862e-11 0.000000e+00
0.000000e+00 -6.414481e-11 -4.570839e-11 -3.453952e-11 0.000000e+00 0.000000e+00 3.709717e-11 5.219678e-11 8.722413e-11 2.245069e-10 1.761177e-10 7.700521e-11 0.000000e+00 -5.973589e-11 -8.337975e-11 -8.722413e-11 -6.414481e-11 -4.570839e-11 -3.453952e-11 0.000000e+00 0.000000e+00 2.720047e-11 3.175006e-11 3.636007e-11 3.938111e-11 3.900782e-11 3.549765e-11 0.000000e+00 -2.825719e-11 -2.993425e-11 -3.010195e-11 0.000000e+00 0.000000e+00 0.000000e+00 0.000000e+00 -8.980274e-11 -5.679624e-11 -4.016101e-11 0.000000e+00 4.233342e-11 6.350013e-11 1.270003e-10 8.170038e-10 1.270003e-10 6.350013e-11 0.000000e+00 0.000000e+00 -4.719927e-11 -6.167678e-11 -7.055570e-11 -6.167678e-11 -4.719927e-11 -3.630061e-11 0.000000e+00 3.094807e-11 3.690870e-11 4.271481e-11 4.535723e-11 4.271481e-11 3.690870e-11 0.000000e+00 0.000000e+00 -2.531916e-11 -2.697862e-11 -2.760875e-11 0.000000e+00
0.000000e+00 -4.570839e-11 -3.453952e-11 -2.750496e-11 0.000000e+00 0.000000e+00 2.874516e-11 3.709717e-11 5.219678e-11 8.722413e-11 2.245069e-10 1.761177e-10 0.000000e+00 -8.337975e-11 -8.722413e-11 -6.414481e-11 -4.570839e-11 -3.453952e-11 -2.750496e-11 0.000000e+00 0.000000e+00 2.334311e-11 2.720047e-11 3.175006e-11 3.636007e-11 3.938111e-11 3.900782e-11 0.000000e+00 -2.993425e-11 -3.010195e-11 -2.868643e-11 0.000000e+00 0.000000e+00 0.000000e+00 0.000000e+00 -5.679624e-11 -4.016101e-11 -3.080209e-11 0.000000e+00 3.175006e-11 4.233342e-11 6.350013e-11 1.270003e-10 8.170038e-10 1.270003e-10 0.000000e+00 0.000000e+00 -6.167678e-11 -7.055570e-11 -6.167678e-11 -4.719927e-11 -3.630061e-11 -2.895357e-11 0.000000e+00 2.601067e-11 3.094807e-11 3.690870e-11 4.271481e-11 4.535723e-11 4.271481e-11 0.000000e+00 0.000000e+00 -2.697862e-11 -2.760875e-11 -2.697862e-11 0.000000e+00
0.000000e+00 -3.453952e-11 -2.750496e-11 -2.276590e-11 0.000000e+00 0.000000e+00 2.345431e-11 2.874516e-11 3.709717e-11 5.219678e-11 8.722413e-11 2.245069e-10 0.000000e+00 -8.722413e-11 -6.414481e-11 -4.570839e-11 -3.453952e-11 -2.750496e-11 -2.276590e-11 0.000000e+00 0.000000e+00 2.023282e-11 2.334311e-11 2.720047e-11 3.175006e-11 3.636007e-11 3.938111e-11 0.000000e+00 -3.010195e-11 -2.868643e-11 -2.625407e-11 0.000000e+00 0.000000e+00 0.000000e+00 0.000000e+00 -4.016101e-11 -3.080209e-11 -2.490680e-11 0.000000e+00 2.540005e-11 3.175006e-11 4.233342e-11 6.350013e-11 1.270003e-10 8.170038e-10 0.000000e+00 0.000000e+00 -7.055570e-11 -6.167678e-11 -4.719927e-11 -3.630061e-11 -2.895357e-11 -2.389859e-11 0.000000e+00 2.216170e-11 2.601067e-11 3.094807e-11 3.690870e-11 4.271481e-11 4.535723e-11 0.000000e+00 0.000000e+00 -2.760875e-11 -2.697862e-11 -2.531916e-11 0.000000e+00
