68 68
1.609630e+07 4.150623e+05 3.071212e+05 2.000263e+05 1.428871e+05 1.266293e+05 1.094225e+05 1.296045e+05 1.488371e+05 1.574374e+05 1.488371e+05 1.296045e+05 1.094225e+05 9.279158e+04 1.041699e+05 1.134004e+05 1.170689e+05 1.134004e+05 1.041699e+05 9.279158e+04 8.066028e+04 7.088172e+04 7.558212e+04 7.889481e+04 8.009974e+04 7.889481e+04 7.558212e+04 7.088172e+04 6.219449e+04 6.529741e+04 6.739799e+04 6.814456e+04 6.047265e+04 5.435340e+04 1.141421e+06 5.371395e+05 2.941017e+05 2.826088e+05 2.081773e+05 1.521050e+05 1.265807e+05 1.538219e+05 1.775846e+05 1.803337e+05 1.593435e+05 1.317451e+05 1.081867e+05 9.495374e+04 8.328825e+04 9.271502e+04 1.009623e+05 1.057223e+05 1.051599e+05 9.951303e+04 9.086054e+04 7.734008e+04 8.246900e+04 8.559824e+04 8.590071e+04 8.328825e+04 7.847416e+04 7.250774e+04 6.456854e+04 5.799830e+04 6.091914e+04 6.309061e+04 6.420362e+04 5.429188e+04
4.150623e+05 1.609630e+07 4.565685e+05 2.282843e+05 1.521895e+05 1.457711e+05 1.305014e+05 1.696824e+05 2.217293e+05 2.536492e+05 2.217293e+05 1.696824e+05 1.305014e+05 1.112589e+05 1.326875e+05 1.535606e+05 1.630602e+05 1.535606e+05 1.326875e+05 1.112589e+05 9.584925e+04 8.313623e+04 9.102290e+04 9.698869e+04 9.925403e+04 9.698869e+04 9.102290e+04 8.313623e+04 7.186715e+04 7.678031e+04 8.026048e+04 8.153010e+04 7.078582e+04 6.254364e+04 3.900728e+05 8.590071e+05 8.071068e+05 6.331467e+05 2.768353e+05 1.735613e+05 1.546136e+05 2.147518e+05 2.997519e+05 3.135726e+05 2.306019e+05 1.643226e+05 1.241703e+05 1.112259e+05 9.778624e+04 1.141421e+05 1.307152e+05 1.415759e+05 1.402339e+05 1.276148e+05 1.107341e+05 9.242960e+04 1.015852e+05 1.076142e+05 1.082171e+05 1.031283e+05 9.438393e+04 8.449180e+04 7.448784e+04 6.620413e+04 7.065221e+04 7.410421e+04 7.592622e+04 6.244996e+04
3.071212e+05 4.565685e+05 1.609630e+07 4.565685e+05 2.282843e+05 2.081773e+05 1.696824e+05 2.217293e+05 2.536492e+05 2.217293e+05 1.696824e+05 1.305014e+05 1.040887e+05 9.350888e+04 1.112589e+05 1.326875e+05 1.535606e+05 1.630602e+05 1.535606e+05 1.326875e+05 1.085531e+05 9.102290e+04 9.698869e+04 9.925403e+04 9.698869e+04 9.102290e+04 8.313623e+04 7.489764e+04 6.634377e+04 7.186715e+04 7.678031e+04 8.026048e+04 6.995012e+04 6.196494e+04 2.564344e+05 3.163832e+05 3.135726e+05 8.071068e+05 6.331467e+05 2.768353e+05 2.147518e+05 2.997519e+05 3.135726e+05 2.306019e+05 1.643226e+05 1.241703e+05 9.888089e+04 9.195970e+04 8.391897e+04 9.778624e+04 1.141421e+05 1.307152e+05 1.415759e+05 1.402339e+05 1.276148e+05 1.015852e+05 1.076142e+05 1.082171e+05 1.031283e+05 9.438393e+04 8.449180e+04 7.505941e+04 6.778313e+04 6.136319e+04 6.620413e+04 7.065221e+04 7.410421e+04 6.142425e+04
2.000263e+05 2.282843e+05 4.565685e+05 1.609630e+07 4.565685e+05 3.393647e+05 2.217293e+05 2.536492e+05 2.217293e+05 1.696824e+05 1.305014e+05 1.040887e+05 8.591592e+04 7.967176e+04 9.350888e+04 1.112589e+05 1.326875e+05 1.535606e+05 1.630602e+05 1.535606e+05 1.191229e+05 9.698869e+04 9.925403e+04 9.698869e+04 9.102290e+04 8.313623e+04 7.489764e+04 6.720059e+04 6.081637e+04 6.634377e+04 7.186715e+04 7.678031e+04 6.761011e+04 6.032073e+04 1.729377e+05 1.882457e+05 1.876485e+05 3.135726e+05 8.071068e+05 6.331467e+05 2.997519e+05 3.135726e+05 2.306019e+05 1.643226e+05 1.241703e+05 9.888089e+04 8.184388e+04 7.778778e+04 7.273742e+04 8.391897e+04 9.778624e+04 1.141421e+05 1.307152e+05 1.415759e+05 1.402339e+05 1.076142e+05 1.082171e+05 1.031283e+05 9.438393e+04 8.449180e+04 7.505941e+04 6.673952e+04 6.146877e+04 5.656079e+04 6.136319e+04 6.620413e+04 7.065221e+04 5.941499e+04
1.428871e+05 1.521895e+05 2.282843e+05 4.565685e+05 1.609630e+07 5.072984e+05 2.536492e+05 2.217293e+05 1.696824e+05 1.305014e+05 1.040887e+05 8.591592e+04 7.288556e+04 6.895579e+04 7.967176e+04 9.350888e+04 1.112589e+05 1.326875e+05 1.535606e+05 1.630602e+05 1.233969e+05 9.925403e+04 9.698869e+04 9.102290e+04 8.313623e+04 7.489764e+04 6.720059e+04 6.038928e+04 5.562947e+04 6.081637e+04 6.634377e+04 7.186715e+04 6.418300e+04 5.784913e+04 1.277646e+05 1.335790e+05 1.333651e+05 1.876485e+05 3.135726e+05 8.071068e+05 3.135726e+05 2.306019e+05 1.643226e+05 1.241703e+05 9.888089e+04 8.184388e+04 6.969091e+04 6.713517e+04 6.380739e+04 7.273742e+04 8.391897e+04 9.778624e+04 1.141421e+05 1.307152e+05 1.415759e+05 1.082171e+05 1.031283e+05 9.438393e+04 8.449180e+04 7.505941e+04 6.673952e+04 5.964268e+04 5.579122e+04 5.204433e+04 5.656079e+04 6.136319e+04 6.620413e+04 5.669581e+04
1.266293e+05 1.457711e+05 2.081773e+05 3.393647e+05 5.072984e+05 1.609630e+07 5.072984e+05 3.393647e+05 2.081773e+05 1.457711e+05 1.113582e+05 8.986943e+04 7.525287e+04 7.254435e+04 8.535856e+04 1.031020e+05 1.285726e+05 1.655060e+05 2.126452e+05 2.402992e+05 1.630602e+05 1.233969e+05 1.191229e+05 1.085531e+05 9.584925e+04 8.379168e+04 7.340179e+04 6.476964e+04 5.990393e+04 6.653369e+04 7.397764e+04 8.188335e+04 7.236871e+04 6.459439e+04 1.157447e+05 1.260369e+05 1.328560e+05 1.862382e+05 3.071212e+05 7.130403e+05 7.130403e+05 3.071212e+05 1.862382e+05 1.328560e+05 1.031020e+05 8.418961e+04 7.112212e+04 6.969091e+04 6.713517e+04 7.778778e+04 9.195970e+04 1.112259e+05 1.373488e+05 1.695653e+05 1.955725e+05 1.373488e+05 1.273663e+05 1.118920e+05 9.636023e+04 8.301246e+04 7.214475e+04 6.340618e+04 5.964268e+04 5.579122e+04 6.146877e+04 6.778313e+04 7.448784e+04 6.300045e+04
1.094225e+05 1.305014e+05 1.696824e+05 2.217293e+05 2.536492e+05 5.072984e+05 1.609630e+07 4.565685e+05 2.282843e+05 1.521895e+05 1.141421e+05 9.131371e+04 7.609476e+04 7.505941e+04 8.954046e+04 1.107341e+05 1.443797e+05 2.041837e+05 3.228427e+05 4.565685e+05 2.402992e+05 1.630602e+05 1.535606e+05 1.326875e+05 1.112589e+05 9.350888e+04 7.967176e+04 6.895579e+04 6.428630e+04 7.270052e+04 8.275298e+04 9.430336e+04 8.250603e+04 7.287627e+04 1.021685e+05 1.134967e+05 1.241703e+05 1.643226e+05 2.306019e+05 3.135726e+05 8.071068e+05 3.135726e+05 1.876485e+05 1.333651e+05 1.033394e+05 8.431872e+04 7.119991e+04 7.112212e+04 6.969091e+04 8.184388e+04 9.888089e+04 1.241703e+05 1.643226e+05 2.306019e+05 3.135726e+05 1.876485e+05 1.643226e+05 1.345178e+05 1.097064e+05 9.109534e+04 7.726252e+04 6.679663e+04 6.340618e+04 5.964268e+04 6.673952e+04 7.505941e+04 8.449180e+04 7.060995e+04
1.296045e+05 1.696824e+05 2.217293e+05 2.536492e+05 2.217293e+05 3.393647e+05 4.565685e+05 1.609630e+07 4.565685e+05 2.282843e+05 1.521895e+05 1.141421e+05 9.131371e+04 8.954046e+04 1.107341e+05 1.443797e+05 2.041837e+05 3.228427e+05 4.565685e+05 3.228427e+05 2.126452e+05 1.535606e+05 1.630602e+05 1.535606e+05 1.326875e+05 1.112589e+05 9.350888e+04 7.967176e+04 7.270052e+04 8.275298e+04 9.430336e+04 1.063226e+05 9.019765e+04 7.801457e+04 1.212889e+05 1.416952e+05 1.643226e+05 2.306019e+05 3.135726e+05 2.997519e+05 6.331467e+05 8.071068e+05 3.135726e+05 1.876485e+05 1.333651e+05 1.033394e+05 8.431872e+04 8.418961e+04 8.184388e+04 9.888089e+04 1.241703e+05 1.643226e+05 2.306019e+05 3.135726e+05 2.997519e+05 1.845569e+05 1.876485e+05 1.643226e+05 1.345178e+05 1.097064e+05 9.109534e+04 7.726252e+04 7.214475e+04 6.673952e+04 7.505941e+04 8.449180e+04 9.438393e+04 7.608419e+04
1.488371e+05 2.217293e+05 2.536492e+05 2.217293e+05 1.696824e+05 2.081773e+05 2.282843e+05 4.565685e+05 1.609630e+07 4.565685e+05 2.282843e+05 1.521895e+05 1.141421e+05 1.107341e+05 1.443797e+05 2.041837e+05 3.228427e+05 4.565685e+05 3.228427e+05 2.041837e+05 1.655060e+05 1.326875e+05 1.535606e+05 1.630602e+05 1.535606e+05 1.326875e+05 1.112589e+05 9.350888e+04 8.275298e+04 9.430336e+04 1.063226e+05 1.161936e+05 9.599214e+04 8.167346e+04 1.417805e+05 1.779551e+05 2.306019e+05 3.135726e+05 2.997519e+05 2.147518e+05 2.768353e+05 6.331467e+05 8.071068e+05 3.135726e+05 1.876485e+05 1.333651e+05 1.033394e+05 1.031020e+05 9.888089e+04 1.241703e+05 1.643226e+05 2.306019e+05 3.135726e+05 2.997519e+05 2.147518e+05 1.582867e+05 1.845569e+05 1.876485e+05 1.643226e+05 1.345178e+05 1.097064e+05 9.109534e+04 8.301246e+04 7.505941e+04 8.449180e+04 9.438393e+04 1.031283e+05 8.044714e+04
1.574374e+05 2.536492e+05 2.217293e+05 1.696824e+05 1.305014e+05 1.457711e+05 1.521895e+05 2.282843e+05 4.565685e+05 1.609630e+07 4.565685e+05 2.282843e+05 1.521895e+05 1.443797e+05 2.041837e+05 3.228427e+05 4.565685e+05 3.228427e+05 2.041837e+05 1.443797e+05 1.285726e+05 1.112589e+05 1.326875e+05 1.535606e+05 1.630602e+05 1.535606e+05 1.326875e+05 1.112589e+05 9.430336e+04 1.063226e+05 1.161936e+05 1.201496e+05 9.818678e+04 8.301246e+04 1.559608e+05 2.087750e+05 3.135726e+05 2.997519e+05 2.147518e+05 1.546136e+05 1.735613e+05 2.768353e+05 6.331467e+05 8.071068e+05 3.135726e+05 1.876485e+05 1.333651e+05 1.328560e+05 1.241703e+05 1.643226e+05 2.306019e+05 3.135726e+05 2.997519e+05 2.147518e+05 1.546136e+05 1.290339e+05 1.582867e+05 1.845569e+05 1.876485e+05 1.643226e+05 1.345178e+05 1.097064e+05 9.636023e+04 8.449180e+04 9.438393e+04 1.031283e+05 1.082171e+05 8.279379e+04
1.488371e+05 2.217293e+05 1.696824e+05 1.305014e+05 1.040887e+05 1.113582e+05 1.141421e+05 1.521895e+05 2.282843e+05 4.565685e+05 1.609630e+07 4.565685e+05 2.282843e+05 2.041837e+05 3.228427e+05 4.565685e+05 3.228427e+05 2.041837e+05 1.443797e+05 1.107341e+05 1.031020e+05 9.350888e+04 1.112589e+05 1.326875e+05 1.535606e+05 1.630602e+05 1.535606e+05 1.326875e+05 1.063226e+05 1.161936e+05 1.201496e+05 1.161936e+05 9.599214e+04 8.167346e+04 1.541722e+05 2.045419e+05 2.997519e+05 2.147518e+05 1.546136e+05 1.182011e+05 1.260489e+05 1.735613e+05 2.768353e+05 6.331467e+05 8.071068e+05 3.135726e+05 1.876485e+05 1.862382e+05 1.643226e+05 2.306019e+05 3.135726e+05 2.997519e+05 2.147518e+05 1.546136e+05 1.182011e+05 1.055244e+05 1.290339e+05 1.582867e+05 1.845569e+05 1.876485e+05 1.643226e+05 1.345178e+05 1.118920e+05 9.438393e+04 1.031283e+05 1.082171e+05 1.076142e+05 8.252287e+04
1.296045e+05 1.696824e+05 1.305014e+05 1.040887e+05 8.591592e+04 8.986943e+04 9.131371e+04 1.141421e+05 1.521895e+05 2.282843e+05 4.565685e+05 1.609630e+07 4.565685e+05 3.228427e+05 4.565685e+05 3.228427e+05 2.041837e+05 1.443797e+05 1.107341e+05 8.954046e+04 8.535856e+04 7.967176e+04 9.350888e+04 1.112589e+05 1.326875e+05 1.535606e+05 1.630602e+05 1.535606e+05 1.161936e+05 1.201496e+05 1.161936e+05 1.063226e+05 9.019765e+04 7.801457e+04 1.378487e+05 1.703602e+05 2.147518e+05 1.546136e+05 1.182011e+05 9.495374e+04 9.888089e+04 1.260489e+05 1.735613e+05 2.768353e+05 6.331467e+05 8.071068e+05 3.135726e+05 3.071212e+05 2.306019e+05 3.135726e+05 2.997519e+05 2.147518e+05 1.546136e+05 1.182011e+05 9.495374e+04 8.799712e+04 1.055244e+05 1.290339e+05 1.582867e+05 1.845569e+05 1.876485e+05 1.643226e+05 1.273663e+05 1.031283e+05 1.082171e+05 1.076142e+05 1.015852e+05 7.970818e+04
1.094225e+05 1.305014e+05 1.040887e+05 8.591592e+04 7.288556e+04 7.525287e+04 7.609476e+04 9.131371e+04 1.141421e+05 1.521895e+05 2.282843e+05 4.565685e+05 1.609630e+07 4.565685e+05 3.228427e+05 2.041837e+05 1.443797e+05 1.107341e+05 8.954046e+04 7.505941e+04 7.254435e+04 6.895579e+04 7.967176e+04 9.350888e+04 1.112589e+05 1.326875e+05 1.535606e+05 1.630602e+05 1.201496e+05 1.161936e+05 1.063226e+05 9.430336e+04 8.250603e+04 7.287627e+04 1.172231e+05 1.353278e+05 1.546136e+05 1.182011e+05 9.495374e+04 7.909581e+04 8.132290e+04 9.888089e+04 1.260489e+05 1.735613e+05 2.768353e+05 6.331467e+05 8.071068e+05 7.130403e+05 3.135726e+05 2.997519e+05 2.147518e+05 1.546136e+05 1.182011e+05 9.495374e+04 7.909581e+04 7.493798e+04 8.799712e+04 1.055244e+05 1.290339e+05 1.582867e+05 1.845569e+05 1.876485e+05 1.373488e+05 1.082171e+05 1.076142e+05 1.015852e+05 9.242960e+04 7.504927e+04
9.279158e+04 1.112589e+05 9.350888e+04 7.967176e+04 6.895579e+04 7.254435e+04 7.505941e+04 8.954046e+04 1.107341e+05 1.443797e+05 2.041837e+05 3.228427e+05 4.565685e+05 1.609630e+07 4.565685e+05 2.282843e+05 1.521895e+05 1.141421e+05 9.131371e+04 7.609476e+04 7.525287e+04 7.288556e+04 8.591592e+04 1.040887e+05 1.305014e+05 1.696824e+05 2.217293e+05 2.536492e+05 1.630602e+05 1.535606e+05 1.326875e+05 1.112589e+05 9.663503e+04 8.441955e+04 9.740718e+04 1.117829e+05 1.290339e+05 1.055244e+05 8.799712e+04 7.493798e+04 7.909581e+04 9.495374e+04 1.182011e+05 1.546136e+05 2.147518e+05 2.997519e+05 3.135726e+05 7.130403e+05 8.071068e+05 6.331467e+05 2.768353e+05 1.735613e+05 1.260489e+05 9.888089e+04 8.132290e+04 7.909581e+04 9.495374e+04 1.182011e+05 1.546136e+05 2.147518e+05 2.997519e+05 3.135726e+05 1.955725e+05 1.415759e+05 1.402339e+05 1.276148e+05 1.107341e+05 8.785039e+04
1.041699e+05 1.326875e+05 1.112589e+05 9.350888e+04 7.967176e+04 8.535856e+04 8.954046e+04 1.107341e+05 1.443797e+05 2.041837e+05 3.228427e+05 4.565685e+05 3.228427e+05 4.565685e+05 1.609630e+07 4.565685e+05 2.282843e+05 1.521895e+05 1.141421e+05 9.131371e+04 8.986943e+04 8.591592e+04 1.040887e+05 1.305014e+05 1.696824e+05 2.217293e+05 2.536492e+05 2.217293e+05 1.535606e+05 1.630602e+05 1.535606e+05 1.326875e+05 1.096985e+05 9.271502e+04 1.083084e+05 1.292276e+05 1.582867e+05 1.290339e+05 1.055244e+05 8.799712e+04 9.495374e+04 1.182011e+05 1.546136e+05 2.147518e+05 2.997519e+05 3.135726e+05 2.306019e+05 3.071212e+05 3.135726e+05 8.071068e+05 6.331467e+05 2.768353e+05 1.735613e+05 1.260489e+05 9.888089e+04 9.495374e+04 1.182011e+05 1.546136e+05 2.147518e+05 2.997519e+05 3.135726e+05 2.306019e+05 1.695653e+05 1.307152e+05 1.415759e+05 1.402339e+05 1.276148e+05 9.559680e+04
1.134004e+05 1.535606e+05 1.326875e+05 1.112589e+05 9.350888e+04 1.031020e+05 1.107341e+05 1.443797e+05 2.041837e+05 3.228427e+05 4.565685e+05 3.228427e+05 2.041837e+05 2.282843e+05 4.565685e+05 1.609630e+07 4.565685e+05 2.282843e+05 1.521895e+05 1.141421e+05 1.113582e+05 1.040887e+05 1.305014e+05 1.696824e+05 2.217293e+05 2.536492e+05 2.217293e+05 1.696824e+05 1.326875e+05 1.535606e+05 1.630602e+05 1.535606e+05 1.206415e+05 9.904362e+04 1.157075e+05 1.423825e+05 1.845569e+05 1.582867e+05 1.290339e+05 1.055244e+05 1.182011e+05 1.546136e+05 2.147518e+05 2.997519e+05 3.135726e+05 2.306019e+05 1.643226e+05 1.862382e+05 1.876485e+05 3.135726e+05 8.071068e+05 6.331467e+05 2.768353e+05 1.735613e+05 1.260489e+05 1.182011e+05 1.546136e+05 2.147518e+05 2.997519e+05 3.135726e+05 2.306019e+05 1.643226e+05 1.373488e+05 1.141421e+05 1.307152e+05 1.415759e+05 1.402339e+05 1.005697e+05
1.170689e+05 1.630602e+05 1.535606e+05 1.326875e+05 1.112589e+05 1.285726e+05 1.443797e+05 2.041837e+05 3.228427e+05 4.565685e+05 3.228427e+05 2.041837e+05 1.443797e+05 1.521895e+05 2.282843e+05 4.565685e+05 1.609630e+07 4.565685e+05 2.282843e+05 1.521895e+05 1.457711e+05 1.305014e+05 1.696824e+05 2.217293e+05 2.536492e+05 2.217293e+05 1.696824e+05 1.305014e+05 1.112589e+05 1.326875e+05 1.535606e+05 1.630602e+05 1.250873e+05 1.014597e+05 1.164579e+05 1.437877e+05 1.876485e+05 1.845569e+05 1.582867e+05 1.290339e+05 1.546136e+05 2.147518e+05 2.997519e+05 3.135726e+05 2.306019e+05 1.643226e+05 1.241703e+05 1.328560e+05 1.333651e+05 1.876485e+05 3.135726e+05 8.071068e+05 6.331467e+05 2.768353e+05 1.735613e+05 1.546136e+05 2.147518e+05 2.997519e+05 3.135726e+05 2.306019e+05 1.643226e+05 1.241703e+05 1.112259e+05 9.778624e+04 1.141421e+05 1.307152e+05 1.415759e+05 1.010612e+05
1.134004e+05 1.535606e+05 1.630602e+05 1.535606e+05 1.326875e+05 1.655060e+05 2.041837e+05 3.228427e+05 4.565685e+05 3.228427e+05 2.041837e+05 1.443797e+05 1.107341e+05 1.141421e+05 1.521895e+05 2.282843e+05 4.565685e+05 1.609630e+07 4.565685e+05 2.282843e+05 2.081773e+05 1.696824e+05 2.217293e+05 2.536492e+05 2.217293e+05 1.696824e+05 1.305014e+05 1.040887e+05 9.350888e+04 1.112589e+05 1.326875e+05 1.535606e+05 1.206415e+05 9.904362e+04 1.101846e+05 1.324500e+05 1.643226e+05 1.876485e+05 1.845569e+05 1.582867e+05 2.147518e+05 2.997519e+05 3.135726e+05 2.306019e+05 1.643226e+05 1.241703e+05 9.888089e+04 1.031020e+05 1.033394e+05 1.333651e+05 1.876485e+05 3.135726e+05 8.071068e+05 6.331467e+05 2.768353e+05 2.147518e+05 2.997519e+05 3.135726e+05 2.306019e+05 1.643226e+05 1.241703e+05 9.888089e+04 9.195970e+04 8.391897e+04 9.778624e+04 1.141421e+05 1.307152e+05 9.687946e+04
1.041699e+05 1.326875e+05 1.535606e+05 1.630602e+05 1.535606e+05 2.126452e+05 3.228427e+05 4.565685e+05 3.228427e+05 2.041837e+05 1.443797e+05 1.107341e+05 8.954046e+04 9.131371e+04 1.141421e+05 1.521895e+05 2.282843e+05 4.565685e+05 1.609630e+07 4.565685e+05 3.393647e+05 2.217293e+05 2.536492e+05 2.217293e+05 1.696824e+05 1.305014e+05 1.040887e+05 8.591592e+04 7.967176e+04 9.350888e+04 1.112589e+05 1.326875e+05 1.096985e+05 9.271502e+04 9.970267e+04 1.152918e+05 1.345178e+05 1.643226e+05 1.876485e+05 1.845569e+05 2.997519e+05 3.135726e+05 2.306019e+05 1.643226e+05 1.241703e+05 9.888089e+04 8.184388e+04 8.418961e+04 8.431872e+04 1.033394e+05 1.333651e+05 1.876485e+05 3.135726e+05 8.071068e+05 6.331467e+05 2.997519e+05 3.135726e+05 2.306019e+05 1.643226e+05 1.241703e+05 9.888089e+04 8.184388e+04 7.778778e+04 7.273742e+04 8.391897e+04 9.778624e+04 1.141421e+05 8.952324e+04
9.279158e+04 1.112589e+05 1.326875e+05 1.535606e+05 1.630602e+05 2.402992e+05 4.565685e+05 3.228427e+05 2.041837e+05 1.443797e+05 1.107341e+05 8.954046e+04 7.505941e+04 7.609476e+04 9.131371e+04 1.141421e+05 1.521895e+05 2.282843e+05 4.565685e+05 1.609630e+07 5.072984e+05 2.536492e+05 2.217293e+05 1.696824e+05 1.305014e+05 1.040887e+05 8.591592e+04 7.288556e+04 6.895579e+04 7.967176e+04 9.350888e+04 1.112589e+05 9.663503e+04 8.441955e+04 8.824331e+04 9.850620e+04 1.097064e+05 1.345178e+05 1.643226e+05 1.876485e+05 3.135726e+05 2.306019e+05 1.643226e+05 1.241703e+05 9.888089e+04 8.184388e+04 6.969091e+04 7.112212e+04 7.119991e+04 8.431872e+04 1.033394e+05 1.333651e+05 1.876485e+05 3.135726e+05 8.071068e+05 3.135726e+05 2.306019e+05 1.643226e+05 1.241703e+05 9.888089e+04 8.184388e+04 6.969091e+04 6.713517e+04 6.380739e+04 7.273742e+04 8.391897e+04 9.778624e+04 8.095136e+04
8.066028e+04 9.584925e+04 1.085531e+05 1.191229e+05 1.233969e+05 1.630602e+05 2.402992e+05 2.126452e+05 1.655060e+05 1.285726e+05 1.031020e+05 8.535856e+04 7.254435e+04 7.525287e+04 8.986943e+04 1.113582e+05 1.457711e+05 2.081773e+05 3.393647e+05 5.072984e+05 1.609630e+07 5.072984e+05 3.393647e+05 2.081773e+05 1.457711e+05 1.113582e+05 8.986943e+04 7.525287e+04 7.254435e+04 8.535856e+04 1.031020e+05 1.285726e+05 1.121871e+05 9.742935e+04 7.761898e+04 8.634118e+04 9.636023e+04 1.118920e+05 1.273663e+05 1.373488e+05 1.955725e+05 1.695653e+05 1.373488e+05 1.112259e+05 9.195970e+04 7.778778e+04 6.713517e+04 6.969091e+04 7.112212e+04 8.418961e+04 1.031020e+05 1.328560e+05 1.862382e+05 3.071212e+05 7.130403e+05 7.130403e+05 3.071212e+05 1.862382e+05 1.328560e+05 1.031020e+05 8.418961e+04 7.112212e+04 6.969091e+04 6.713517e+04 7.778778e+04 9.195970e+04 1.112259e+05 9.220315e+04
7.088172e+04 8.313623e+04 9.102290e+04 9.698869e+04 9.925403e+04 1.233969e+05 1.630602e+05 1.535606e+05 1.326875e+05 1.112589e+05 9.350888e+04 7.967176e+04 6.895579e+04 7.288556e+04 8.591592e+04 1.040887e+05 1.305014e+05 1.696824e+05 2.217293e+05 2.536492e+05 5.072984e+05 1.609630e+07 4.565685e+05 2.282843e+05 1.521895e+05 1.141421e+05 9.131371e+04 7.609476e+04 7.505941e+04 8.954046e+04 1.107341e+05 1.443797e+05 1.295393e+05 1.131216e+05 6.879122e+04 7.602879e+04 8.449180e+04 9.438393e+04 1.031283e+05 1.082171e+05 1.415759e+05 1.307152e+05 1.141421e+05 9.778624e+04 8.391897e+04 7.273742e+04 6.380739e+04 6.713517e+04 6.969091e+04 8.184388e+04 9.888089e+04 1.241703e+05 1.643226e+05 2.306019e+05 3.135726e+05 8.071068e+05 3.135726e+05 1.876485e+05 1.333651e+05 1.033394e+05 8.431872e+04 7.119991e+04 7.112212e+04 6.969091e+04 8.184388e+04 9.888089e+04 1.241703e+05 1.051599e+05
7.558212e+04 9.102290e+04 9.698869e+04 9.925403e+04 9.698869e+04 1.191229e+05 1.535606e+05 1.630602e+05 1.535606e+05 1.326875e+05 1.112589e+05 9.350888e+04 7.967176e+04 8.591592e+04 1.040887e+05 1.305014e+05 1.696824e+05 2.217293e+05 2.536492e+05 2.217293e+05 3.393647e+05 4.565685e+05 1.609630e+07 4.565685e+05 2.282843e+05 1.521895e+05 1.141421e+05 9.131371e+04 8.954046e+04 1.107341e+05 1.443797e+05 2.041837e+05 1.675834e+05 1.358811e+05 7.382276e+04 8.299532e+04 9.438393e+04 1.031283e+05 1.082171e+05 1.076142e+05 1.402339e+05 1.415759e+05 1.307152e+05 1.141421e+05 9.778624e+04 8.391897e+04 7.273742e+04 7.778778e+04 8.184388e+04 9.888089e+04 1.241703e+05 1.643226e+05 2.306019e+05 3.135726e+05 2.997519e+05 6.331467e+05 8.071068e+05 3.135726e+05 1.876485e+05 1.333651e+05 1.033394e+05 8.431872e+04 8.418961e+04 8.184388e+04 9.888089e+04 1.241703e+05 1.643226e+05 1.263865e+05
7.889481e+04 9.698869e+04 9.925403e+04 9.698869e+04 9.102290e+04 1.085531e+05 1.326875e+05 1.535606e+05 1.630602e+05 1.535606e+05 1.326875e+05 1.112589e+05 9.350888e+04 1.040887e+05 1.305014e+05 1.696824e+05 2.217293e+05 2.536492e+05 2.217293e+05 1.696824e+05 2.081773e+05 2.282843e+05 4.565685e+05 1.609630e+07 4.565685e+05 2.282843e+05 1.521895e+05 1.141421e+05 1.107341e+05 1.443797e+05 2.041837e+05 3.228427e+05 2.171061e+05 1.585728e+05 7.778778e+04 8.875453e+04 1.031283e+05 1.082171e+05 1.076142e+05 1.015852e+05 1.276148e+05 1.402339e+05 1.415759e+05 1.307152e+05 1.141421e+05 9.778624e+04 8.391897e+04 9.195970e+04 9.888089e+04 1.241703e+05 1.643226e+05 2.306019e+05 3.135726e+05 2.997519e+05 2.147518e+05 2.768353e+05 6.331467e+05 8.071068e+05 3.135726e+05 1.876485e+05 1.333651e+05 1.033394e+05 1.031020e+05 9.888089e+04 1.241703e+05 1.643226e+05 2.306019e+05 1.501188e+05
8.009974e+04 9.925403e+04 9.698869e+04 9.102290e+04 8.313623e+04 9.584925e+04 1.112589e+05 1.326875e+05 1.535606e+05 1.630602e+05 1.535606e+05 1.326875e+05 1.112589e+05 1.305014e+05 1.696824e+05 2.217293e+05 2.536492e+05 2.217293e+05 1.696824e+05 1.305014e+05 1.457711e+05 1.521895e+05 2.282843e+05 4.565685e+05 1.609630e+07 4.565685e+05 2.282843e+05 1.521895e+05 1.443797e+05 2.041837e+05 3.228427e+05 4.565685e+05 2.467938e+05 1.690995e+05 7.990324e+04 9.193639e+04 1.082171e+05 1.076142e+05 1.015852e+05 9.242960e+04 1.107341e+05 1.276148e+05 1.402339e+05 1.415759e+05 1.307152e+05 1.141421e+05 9.778624e+04 1.112259e+05 1.241703e+05 1.643226e+05 2.306019e+05 3.135726e+05 2.997519e+05 2.147518e+05 1.546136e+05 1.735613e+05 2.768353e+05 6.331467e+05 8.071068e+05 3.135726e+05 1.876485e+05 1.333651e+05 1.328560e+05 1.241703e+05 1.643226e+05 2.306019e+05 3.135726e+05 1.672738e+05
7.889481e+04 9.698869e+04 9.102290e+04 8.313623e+04 7.489764e+04 8.379168e+04 9.350888e+04 1.112589e+05 1.326875e+05 1.535606e+05 1.630602e+05 1.535606e+05 1.326875e+05 1.696824e+05 2.217293e+05 2.536492e+05 2.217293e+05 1.696824e+05 1.305014e+05 1.040887e+05 1.113582e+05 1.141421e+05 1.521895e+05 2.282843e+05 4.565685e+05 1.609630e+07 4.565685e+05 2.282843e+05 2.041837e+05 3.228427e+05 4.565685e+05 3.228427e+05 2.171061e+05 1.585728e+05 7.965963e+04 9.156586e+04 1.076142e+05 1.015852e+05 9.242960e+04 8.253635e+04 9.478988e+04 1.107341e+05 1.276148e+05 1.402339e+05 1.415759e+05 1.307152e+05 1.141421e+05 1.373488e+05 1.643226e+05 2.306019e+05 3.135726e+05 2.997519e+05 2.147518e+05 1.546136e+05 1.182011e+05 1.260489e+05 1.735613e+05 2.768353e+05 6.331467e+05 8.071068e+05 3.135726e+05 1.876485e+05 1.862382e+05 1.643226e+05 2.306019e+05 3.135726e+05 2.997519e+05 1.650727e+05
7.558212e+04 9.102290e+04 8.313623e+04 7.489764e+04 6.720059e+04 7.340179e+04 7.967176e+04 9.350888e+04 1.112589e+05 1.326875e+05 1.535606e+05 1.630602e+05 1.535606e+05 2.217293e+05 2.536492e+05 2.217293e+05 1.696824e+05 1.305014e+05 1.040887e+05 8.591592e+04 8.986943e+04 9.131371e+04 1.141421e+05 1.521895e+05 2.282843e+05 4.565685e+05 1.609630e+07 4.565685e+05 3.228427e+05 4.565685e+05 3.228427e+05 2.041837e+05 1.675834e+05 1.358811e+05 7.711910e+04 8.776514e+04 1.015852e+05 9.242960e+04 8.253635e+04 7.329766e+04 8.147815e+04 9.478988e+04 1.107341e+05 1.276148e+05 1.402339e+05 1.415759e+05 1.307152e+05 1.695653e+05 2.306019e+05 3.135726e+05 2.997519e+05 2.147518e+05 1.546136e+05 1.182011e+05 9.495374e+04 9.888089e+04 1.260489e+05 1.735613e+05 2.768353e+05 6.331467e+05 8.071068e+05 3.135726e+05 3.071212e+05 2.306019e+05 3.135726e+05 2.997519e+05 2.147518e+05 1.454748e+05
7.088172e+04 8.313623e+04 7.489764e+04 6.720059e+04 6.038928e+04 6.476964e+04 6.895579e+04 7.967176e+04 9.350888e+04 1.112589e+05 1.326875e+05 1.535606e+05 1.630602e+05 2.536492e+05 2.217293e+05 1.696824e+05 1.305014e+05 1.040887e+05 8.591592e+04 7.288556e+04 7.525287e+04 7.609476e+04 9.131371e+04 1.141421e+05 1.521895e+05 2.282843e+05 4.565685e+05 1.609630e+07 4.565685e+05 3.228427e+05 2.041837e+05 1.443797e+05 1.295393e+05 1.131216e+05 7.287627e+04 8.165713e+04 9.242960e+04 8.253635e+04 7.329766e+04 6.522408e+04 7.078795e+04 8.147815e+04 9.478988e+04 1.107341e+05 1.276148e+05 1.402339e+05 1.415759e+05 1.955725e+05 3.135726e+05 2.997519e+05 2.147518e+05 1.546136e+05 1.182011e+05 9.495374e+04 7.909581e+04 8.132290e+04 9.888089e+04 1.260489e+05 1.735613e+05 2.768353e+05 6.331467e+05 8.071068e+05 7.130403e+05 3.135726e+05 2.997519e+05 2.147518e+05 1.546136e+05 1.218058e+05
6.219449e+04 7.186715e+04 6.634377e+04 6.081637e+04 5.562947e+04 5.990393e+04 6.428630e+04 7.270052e+04 8.275298e+04 9.430336e+04 1.063226e+05 1.161936e+05 1.201496e+05 1.630602e+05 1.535606e+05 1.326875e+05 1.112589e+05 9.350888e+04 7.967176e+04 6.895579e+04 7.254435e+04 7.505941e+04 8.954046e+04 1.107341e+05 1.443797e+05 2.041837e+05 3.228427e+05 4.565685e+05 1.609630e+07 4.565685e+05 2.282843e+05 1.521895e+05 1.464256e+05 1.324083e+05 6.352883e+04 7.031416e+04 7.853218e+04 7.218983e+04 6.576313e+04 5.974472e+04 6.522408e+04 7.329766e+04 8.253635e+04 9.242960e+04 1.015852e+05 1.076142e+05 1.082171e+05 1.373488e+05 1.876485e+05 1.845569e+05 1.582867e+05 1.290339e+05 1.055244e+05 8.799712e+04 7.493798e+04 7.909581e+04 9.495374e+04 1.182011e+05 1.546136e+05 2.147518e+05 2.997519e+05 3.135726e+05 7.130403e+05 8.071068e+05 6.331467e+05 2.768353e+05 1.735613e+05 1.469746e+05
6.529741e+04 7.678031e+04 7.186715e+04 6.634377e+04 6.081637e+04 6.653369e+04 7.270052e+04 8.275298e+04 9.430336e+04 1.063226e+05 1.161936e+05 1.201496e+05 1.161936e+05 1.535606e+05 1.630602e+05 1.535606e+05 1.326875e+05 1.112589e+05 9.350888e+04 7.967176e+04 8.535856e+04 8.954046e+04 1.107341e+05 1.443797e+05 2.041837e+05 3.228427e+05 4.565685e+05 3.228427e+05 4.565685e+05 1.609630e+07 4.565685e+05 2.282843e+05 2.100971e+05 1.739388e+05 6.628082e+04 7.410177e+04 8.391897e+04 7.853218e+04 7.218983e+04 6.576313e+04 7.329766e+04 8.253635e+04 9.242960e+04 1.015852e+05 1.076142e+05 1.082171e+05 1.031283e+05 1.273663e+05 1.643226e+05 1.876485e+05 1.845569e+05 1.582867e+05 1.290339e+05 1.055244e+05 8.799712e+04 9.495374e+04 1.182011e+05 1.546136e+05 2.147518e+05 2.997519e+05 3.135726e+05 2.306019e+05 3.071212e+05 3.135726e+05 8.071068e+05 6.331467e+05 2.768353e+05 1.955725e+05
6.739799e+04 8.026048e+04 7.678031e+04 7.186715e+04 6.634377e+04 7.397764e+04 8.275298e+04 9.430336e+04 1.063226e+05 1.161936e+05 1.201496e+05 1.161936e+05 1.063226e+05 1.326875e+05 1.535606e+05 1.630602e+05 1.535606e+05 1.326875e+05 1.112589e+05 9.350888e+04 1.031020e+05 1.107341e+05 1.443797e+05 2.041837e+05 3.228427e+05 4.565685e+05 3.228427e+05 2.041837e+05 2.282843e+05 4.565685e+05 1.609630e+07 4.565685e+05 3.478775e+05 2.314894e+05 6.787295e+04 7.634701e+04 8.722294e+04 8.391897e+04 7.853218e+04 7.218983e+04 8.253635e+04 9.242960e+04 1.015852e+05 1.076142e+05 1.082171e+05 1.031283e+05 9.438393e+04 1.118920e+05 1.345178e+05 1.643226e+05 1.876485e+05 1.845569e+05 1.582867e+05 1.290339e+05 1.055244e+05 1.182011e+05 1.546136e+05 2.147518e+05 2.997519e+05 3.135726e+05 2.306019e+05 1.643226e+05 1.862382e+05 1.876485e+05 3.135726e+05 8.071068e+05 6.331467e+05 2.532587e+05
6.814456e+04 8.153010e+04 8.026048e+04 7.678031e+04 7.186715e+04 8.188335e+04 9.430336e+04 1.063226e+05 1.161936e+05 1.201496e+05 1.161936e+05 1.063226e+05 9.430336e+04 1.112589e+05 1.326875e+05 1.535606e+05 1.630602e+05 1.535606e+05 1.326875e+05 1.112589e+05 1.285726e+05 1.443797e+05 2.041837e+05 3.228427e+05 4.565685e+05 3.228427e+05 2.041837e+05 1.443797e+05 1.521895e+05 2.282843e+05 4.565685e+05 1.609630e+07 5.371395e+05 2.685697e+05 6.802344e+04 7.656140e+04 8.754302e+04 8.722294e+04 8.391897e+04 7.853218e+04 9.242960e+04 1.015852e+05 1.076142e+05 1.082171e+05 1.031283e+05 9.438393e+04 8.449180e+04 9.636023e+04 1.097064e+05 1.345178e+05 1.643226e+05 1.876485e+05 1.845569e+05 1.582867e+05 1.290339e+05 1.546136e+05 2.147518e+05 2.997519e+05 3.135726e+05 2.306019e+05 1.643226e+05 1.241703e+05 1.328560e+05 1.333651e+05 1.876485e+05 3.135726e+05 8.071068e+05 2.614304e+05
6.047265e+04 7.078582e+04 6.995012e+04 6.761011e+04 6.418300e+04 7.236871e+04 8.250603e+04 9.019765e+04 9.599214e+04 9.818678e+04 9.599214e+04 9.019765e+04 8.250603e+04 9.663503e+04 1.096985e+05 1.206415e+05 1.250873e+05 1.206415e+05 1.096985e+05 9.663503e+04 1.121871e+05 1.295393e+05 1.675834e+05 2.171061e+05 2.467938e+05 2.171061e+05 1.675834e+05 1.295393e+05 1.464256e+05 2.100971e+05 3.478775e+05 5.371395e+05 1.609630e+07 5.371395e+05 6.038796e+04 6.702657e+04 7.530147e+04 7.509747e+04 7.295764e+04 6.933441e+04 8.038166e+04 8.618721e+04 8.977817e+04 9.012733e+04 8.712363e+04 8.165713e+04 7.499609e+04 8.510238e+04 9.707086e+04 1.130089e+05 1.290210e+05 1.394306e+05 1.381481e+05 1.260369e+05 1.096985e+05 1.327857e+05 1.653702e+05 1.960678e+05 1.997868e+05 1.722900e+05 1.387849e+05 1.119845e+05 1.248065e+05 1.331239e+05 1.869786e+05 3.104759e+05 7.583191e+05 4.860138e+05
5.435340e+04 6.254364e+04 6.196494e+04 6.032073e+04 5.784913e+04 6.459439e+04 7.287627e+04 7.801457e+04 8.167346e+04 8.301246e+04 8.167346e+04 7.801457e+04 7.287627e+04 8.441955e+04 9.271502e+04 9.904362e+04 1.014597e+05 9.904362e+04 9.271502e+04 8.441955e+04 9.742935e+04 1.131216e+05 1.358811e+05 1.585728e+05 1.690995e+05 1.585728e+05 1.358811e+05 1.131216e+05 1.324083e+05 1.739388e+05 2.314894e+05 2.685697e+05 5.371395e+05 1.609630e+07 5.429188e+04 5.960074e+04 6.605845e+04 6.592060e+04 6.445906e+04 6.191934e+04 7.081349e+04 7.468690e+04 7.698743e+04 7.720727e+04 7.529379e+04 7.168091e+04 6.704825e+04 7.550973e+04 8.571885e+04 9.610372e+04 1.053838e+05 1.108320e+05 1.101846e+05 1.037388e+05 9.404294e+04 1.128448e+05 1.308762e+05 1.445967e+05 1.460692e+05 1.342268e+05 1.164579e+05 9.923059e+04 1.127416e+05 1.254290e+05 1.672738e+05 2.389789e+05 3.356759e+05 1.141421e+06
1.141421e+06 3.900728e+05 2.564344e+05 1.729377e+05 1.277646e+05 1.157447e+05 1.021685e+05 1.212889e+05 1.417805e+05 1.559608e+05 1.541722e+05 1.378487e+05 1.172231e+05 9.740718e+04 1.083084e+05 1.157075e+05 1.164579e+05 1.101846e+05 9.970267e+04 8.824331e+04 7.761898e+04 6.879122e+04 7.382276e+04 7.778778e+04 7.990324e+04 7.965963e+04 7.711910e+04 7.287627e+04 6.352883e+04 6.628082e+04 6.787295e+04 6.802344e+04 6.038796e+04 5.429188e+04 1.609630e+07 6.087581e+05 3.043790e+05 2.532587e+05 1.826274e+05 1.361224e+05 1.169152e+05 1.426081e+05 1.695653e+05 1.826274e+05 1.695653e+05 1.426081e+05 1.169152e+05 1.006919e+05 8.708004e+04 9.627450e+04 1.034189e+05 1.061787e+05 1.034189e+05 9.627450e+04 8.708004e+04 7.496828e+04 8.059742e+04 8.465140e+04 8.614501e+04 8.465140e+04 8.059742e+04 7.496828e+04 6.628781e+04 5.923470e+04 6.189658e+04 6.367694e+04 6.430543e+04 5.435340e+04
5.371395e+05 8.590071e+05 3.163832e+05 1.882457e+05 1.335790e+05 1.260369e+05 1.134967e+05 1.416952e+05 1.779551e+05 2.087750e+05 2.045419e+05 1.703602e+05 1.353278e+05 1.117829e+05 1.292276e+05 1.423825e+05 1.437877e+05 1.324500e+05 1.152918e+05 9.850620e+04 8.634118e+04 7.602879e+04 8.299532e+04 8.875453e+04 9.193639e+04 9.156586e+04 8.776514e+04 8.165713e+04 7.031416e+04 7.410177e+04 7.634701e+04 7.656140e+04 6.702657e+04 5.960074e+04 6.087581e+05 1.609630e+07 6.087581e+05 3.652548e+05 2.137492e+05 1.476455e+05 1.314581e+05 1.718014e+05 2.265214e+05 2.608963e+05 2.265214e+05 1.718014e+05 1.314581e+05 1.140620e+05 9.823222e+04 1.120519e+05 1.237932e+05 1.286109e+05 1.237932e+05 1.120519e+05 9.823222e+04 8.377404e+04 9.186192e+04 9.800565e+04 1.003447e+05 9.800565e+04 9.186192e+04 8.377404e+04 7.338993e+04 6.501049e+04 6.857943e+04 7.102524e+04 7.190056e+04 5.968216e+04
2.941017e+05 8.071068e+05 3.135726e+05 1.876485e+05 1.333651e+05 1.328560e+05 1.241703e+05 1.643226e+05 2.306019e+05 3.135726e+05 2.997519e+05 2.147518e+05 1.546136e+05 1.290339e+05 1.582867e+05 1.845569e+05 1.876485e+05 1.643226e+05 1.345178e+05 1.097064e+05 9.636023e+04 8.449180e+04 9.438393e+04 1.031283e+05 1.082171e+05 1.076142e+05 1.015852e+05 9.242960e+04 7.853218e+04 8.391897e+04 8.722294e+04 8.754302e+04 7.530147e+04 6.605845e+04 3.043790e+05 6.087581e+05 1.609630e+07 4.565685e+05 2.282843e+05 1.521895e+05 1.443797e+05 2.041837e+05 3.228427e+05 4.565685e+05 3.228427e+05 2.041837e+05 1.443797e+05 1.285726e+05 1.112589e+05 1.326875e+05 1.535606e+05 1.630602e+05 1.535606e+05 1.326875e+05 1.112589e+05 9.430336e+04 1.063226e+05 1.161936e+05 1.201496e+05 1.161936e+05 1.063226e+05 9.430336e+04 8.188335e+04 7.186715e+04 7.678031e+04 8.026048e+04 8.153010e+04 6.616935e+04
2.826088e+05 6.331467e+05 8.071068e+05 3.135726e+05 1.876485e+05 1.862382e+05 1.643226e+05 2.306019e+05 3.135726e+05 2.997519e+05 2.147518e+05 1.546136e+05 1.182011e+05 1.055244e+05 1.290339e+05 1.582867e+05 1.845569e+05 1.876485e+05 1.643226e+05 1.345178e+05 1.118920e+05 9.438393e+04 1.031283e+05 1.082171e+05 1.076142e+05 1.015852e+05 9.242960e+04 8.253635e+04 7.218983e+04 7.853218e+04 8.391897e+04 8.722294e+04 7.509747e+04 6.592060e+04 2.532587e+05 3.652548e+05 4.565685e+05 1.609630e+07 4.565685e+05 2.282843e+05 2.041837e+05 3.228427e+05 4.565685e+05 3.228427e+05 2.041837e+05 1.443797e+05 1.107341e+05 1.031020e+05 9.350888e+04 1.112589e+05 1.326875e+05 1.535606e+05 1.630602e+05 1.535606e+05 1.326875e+05 1.063226e+05 1.161936e+05 1.201496e+05 1.161936e+05 1.063226e+05 9.430336e+04 8.275298e+04 7.397764e+04 6.634377e+04 7.186715e+04 7.678031e+04 8.026048e+04 6.548520e+04
2.081773e+05 2.768353e+05 6.331467e+05 8.071068e+05 3.135726e+05 3.071212e+05 2.306019e+05 3.135726e+05 2.997519e+05 2.147518e+05 1.546136e+05 1.182011e+05 9.495374e+04 8.799712e+04 1.055244e+05 1.290339e+05 1.582867e+05 1.845569e+05 1.876485e+05 1.643226e+05 1.273663e+05 1.031283e+05 1.082171e+05 1.076142e+05 1.015852e+05 9.242960e+04 8.253635e+04 7.329766e+04 6.576313e+04 7.218983e+04 7.853218e+04 8.391897e+04 7.295764e+04 6.445906e+04 1.826274e+05 2.137492e+05 2.282843e+05 4.565685e+05 1.609630e+07 4.565685e+05 3.228427e+05 4.565685e+05 3.228427e+05 2.041837e+05 1.443797e+05 1.107341e+05 8.954046e+04 8.535856e+04 7.967176e+04 9.350888e+04 1.112589e+05 1.326875e+05 1.535606e+05 1.630602e+05 1.535606e+05 1.161936e+05 1.201496e+05 1.161936e+05 1.063226e+05 9.430336e+04 8.275298e+04 7.270052e+04 6.653369e+04 6.081637e+04 6.634377e+04 7.186715e+04 7.678031e+04 6.355344e+04
1.521050e+05 1.735613e+05 2.768353e+05 6.331467e+05 8.071068e+05 7.130403e+05 3.135726e+05 2.997519e+05 2.147518e+05 1.546136e+05 1.182011e+05 9.495374e+04 7.909581e+04 7.493798e+04 8.799712e+04 1.055244e+05 1.290339e+05 1.582867e+05 1.845569e+05 1.876485e+05 1.373488e+05 1.082171e+05 1.076142e+05 1.015852e+05 9.242960e+04 8.253635e+04 7.329766e+04 6.522408e+04 5.974472e+04 6.576313e+04 7.218983e+04 7.853218e+04 6.933441e+04 6.191934e+04 1.361224e+05 1.476455e+05 1.521895e+05 2.282843e+05 4.565685e+05 1.609630e+07 4.565685e+05 3.228427e+05 2.041837e+05 1.443797e+05 1.107341e+05 8.954046e+04 7.505941e+04 7.254435e+04 6.895579e+04 7.967176e+04 9.350888e+04 1.112589e+05 1.326875e+05 1.535606e+05 1.630602e+05 1.201496e+05 1.161936e+05 1.063226e+05 9.430336e+04 8.275298e+04 7.270052e+04 6.428630e+04 5.990393e+04 5.562947e+04 6.081637e+04 6.634377e+04 7.186715e+04 6.068193e+04
1.265807e+05 1.546136e+05 2.147518e+05 2.997519e+05 3.135726e+05 7.130403e+05 8.071068e+05 6.331467e+05 2.768353e+05 1.735613e+05 1.260489e+05 9.888089e+04 8.132290e+04 7.909581e+04 9.495374e+04 1.182011e+05 1.546136e+05 2.147518e+05 2.997519e+05 3.135726e+05 1.955725e+05 1.415759e+05 1.402339e+05 1.276148e+05 1.107341e+05 9.478988e+04 8.147815e+04 7.078795e+04 6.522408e+04 7.329766e+04 8.253635e+04 9.242960e+04 8.038166e+04 7.081349e+04 1.169152e+05 1.314581e+05 1.443797e+05 2.041837e+05 3.228427e+05 4.565685e+05 1.609630e+07 4.565685e+05 2.282843e+05 1.521895e+05 1.141421e+05 9.131371e+04 7.609476e+04 7.525287e+04 7.288556e+04 8.591592e+04 1.040887e+05 1.305014e+05 1.696824e+05 2.217293e+05 2.536492e+05 1.630602e+05 1.535606e+05 1.326875e+05 1.112589e+05 9.350888e+04 7.967176e+04 6.895579e+04 6.476964e+04 6.038928e+04 6.720059e+04 7.489764e+04 8.313623e+04 6.897939e+04
1.538219e+05 2.147518e+05 2.997519e+05 3.135726e+05 2.306019e+05 3.071212e+05 3.135726e+05 8.071068e+05 6.331467e+05 2.768353e+05 1.735613e+05 1.260489e+05 9.888089e+04 9.495374e+04 1.182011e+05 1.546136e+05 2.147518e+05 2.997519e+05 3.135726e+05 2.306019e+05 1.695653e+05 1.307152e+05 1.415759e+05 1.402339e+05 1.276148e+05 1.107341e+05 9.478988e+04 8.147815e+04 7.329766e+04 8.253635e+04 9.242960e+04 1.015852e+05 8.618721e+04 7.468690e+04 1.426081e+05 1.718014e+05 2.041837e+05 3.228427e+05 4.565685e+05 3.228427e+05 4.565685e+05 1.609630e+07 4.565685e+05 2.282843e+05 1.521895e+05 1.141421e+05 9.131371e+04 8.986943e+04 8.591592e+04 1.040887e+05 1.305014e+05 1.696824e+05 2.217293e+05 2.536492e+05 2.217293e+05 1.535606e+05 1.630602e+05 1.535606e+05 1.326875e+05 1.112589e+05 9.350888e+04 7.967176e+04 7.340179e+04 6.720059e+04 7.489764e+04 8.313623e+04 9.102290e+04 7.328822e+04
1.775846e+05 2.997519e+05 3.135726e+05 2.306019e+05 1.643226e+05 1.862382e+05 1.876485e+05 3.135726e+05 8.071068e+05 6.331467e+05 2.768353e+05 1.735613e+05 1.260489e+05 1.182011e+05 1.546136e+05 2.147518e+05 2.997519e+05 3.135726e+05 2.306019e+05 1.643226e+05 1.373488e+05 1.141421e+05 1.307152e+05 1.415759e+05 1.402339e+05 1.276148e+05 1.107341e+05 9.478988e+04 8.253635e+04 9.242960e+04 1.015852e+05 1.076142e+05 8.977817e+04 7.698743e+04 1.695653e+05 2.265214e+05 3.228427e+05 4.565685e+05 3.228427e+05 2.041837e+05 2.282843e+05 4.565685e+05 1.609630e+07 4.565685e+05 2.282843e+05 1.521895e+05 1.141421e+05 1.113582e+05 1.040887e+05 1.305014e+05 1.696824e+05 2.217293e+05 2.536492e+05 2.217293e+05 1.696824e+05 1.326875e+05 1.535606e+05 1.630602e+05 1.535606e+05 1.326875e+05 1.112589e+05 9.350888e+04 8.379168e+04 7.489764e+04 8.313623e+04 9.102290e+04 9.698869e+04 7.629636e+04
1.803337e+05 3.135726e+05 2.306019e+05 1.643226e+05 1.241703e+05 1.328560e+05 1.333651e+05 1.876485e+05 3.135726e+05 8.071068e+05 6.331467e+05 2.768353e+05 1.735613e+05 1.546136e+05 2.147518e+05 2.997519e+05 3.135726e+05 2.306019e+05 1.643226e+05 1.241703e+05 1.112259e+05 9.778624e+04 1.141421e+05 1.307152e+05 1.415759e+05 1.402339e+05 1.276148e+05 1.107341e+05 9.242960e+04 1.015852e+05 1.076142e+05 1.082171e+05 9.012733e+04 7.720727e+04 1.826274e+05 2.608963e+05 4.565685e+05 3.228427e+05 2.041837e+05 1.443797e+05 1.521895e+05 2.282843e+05 4.565685e+05 1.609630e+07 4.565685e+05 2.282843e+05 1.521895e+05 1.457711e+05 1.305014e+05 1.696824e+05 2.217293e+05 2.536492e+05 2.217293e+05 1.696824e+05 1.305014e+05 1.112589e+05 1.326875e+05 1.535606e+05 1.630602e+05 1.535606e+05 1.326875e+05 1.112589e+05 9.584925e+04 8.313623e+04 9.102290e+04 9.698869e+04 9.925403e+04 7.738450e+04
1.593435e+05 2.306019e+05 1.643226e+05 1.241703e+05 9.888089e+04 1.031020e+05 1.033394e+05 1.333651e+05 1.876485e+05 3.135726e+05 8.071068e+05 6.331467e+05 2.768353e+05 2.147518e+05 2.997519e+05 3.135726e+05 2.306019e+05 1.643226e+05 1.241703e+05 9.888089e+04 9.195970e+04 8.391897e+04 9.778624e+04 1.141421e+05 1.307152e+05 1.415759e+05 1.402339e+05 1.276148e+05 1.015852e+05 1.076142e+05 1.082171e+05 1.031283e+05 8.712363e+04 7.529379e+04 1.695653e+05 2.265214e+05 3.228427e+05 2.041837e+05 1.443797e+05 1.107341e+05 1.141421e+05 1.521895e+05 2.282843e+05 4.565685e+05 1.609630e+07 4.565685e+05 2.282843e+05 2.081773e+05 1.696824e+05 2.217293e+05 2.536492e+05 2.217293e+05 1.696824e+05 1.305014e+05 1.040887e+05 9.350888e+04 1.112589e+05 1.326875e+05 1.535606e+05 1.630602e+05 1.535606e+05 1.326875e+05 1.085531e+05 9.102290e+04 9.698869e+04 9.925403e+04 9.698869e+04 7.629636e+04
